10.078,80.2963409423828,66.4821929931641,93.7428741455078,61.8158760070801,124.362731933594,99.9940719604492,925.417602539062,120.04638671875,49999.98828125,778.0166015625,342.076232910156,136.757034301758,197.561569213867,204.694778442383,113.428245544434,171.997665405273,1.11191238345576
10.179,80.2250213623047,61.5425415039062,93.8619995117188,62.3052177429199,124.521728515625,99.6653900146484,930.087524414062,119.620994567871,49999.98828125,853.114379882812,329.300994873047,135.06330871582,198.578460693359,204.511871337891,113.61474609375,172.426223754883,1.47855578043172
10.279,79.2918319702148,65.6625747680664,93.1832580566406,62.376880645752,123.688720703125,100.32633972168,924.890930175781,119.505531311035,49999.98828125,770.331848144531,327.176666259766,133.914642333984,199.866119384766,204.511917114258,113.055320739746,172.187606811523,1.3029134081221
10.379,79.8328704833984,65.7317962646484,93.5422973632812,61.7111930847168,124.045181274414,101.194053649902,933.30712890625,117.774215698242,49999.98828125,708.419799804688,311.924499511719,133.424850463867,197.386383056641,204.28369140625,112.981063842773,171.807983398438,1.31944711494251
10.479,79.53076171875,65.8034820556641,93.2630157470703,61.7459297180176,123.807518005371,100.489219665527,931.586120605469,116.289833068848,49999.98828125,690.480834960938,303.211730957031,132.287796020508,198.091217041016,203.555694580078,112.794418334961,171.760009765625,1.32576267676211
10.579,79.2470550537109,66.1245880126953,92.9852066040039,61.2235832214355,123.807350158691,101.068954467773,919.624877929688,115.757614135742,49999.98828125,771.123046875,300.183776855469,131.558212280273,195.850936889648,203.737869262695,112.646362304688,171.050048828125,1.30202388736172
10.68,79.1702270507812,65.5532455444336,92.5068511962891,61.1382675170898,123.412155151367,100.282760620117,914.188781738281,115.531265258789,49999.98828125,733.128295898438,300.255340576172,130.673858642578,195.938720703125,203.012115478516,112.683517456055,169.91569519043,1.31907
10.88,79.4906158447266,65.7672653198242,92.2288436889648,60.7293701171875,123.017715454102,99.5404815673828,910.431823730469,115.19059753418,49999.98828125,721.569091796875,292.224273681641,128.912384033203,194.977981567383,203.510208129883,112.794578552246,169.961364746094,1.36967
10.98,79.0933685302734,66.0529327392578,91.951286315918,61.1278266906738,123.332664489746,99.0480346679688,909.952819824219,114.589500427246,49999.98828125,758.428344726562,294.927032470703,128.445709228516,194.457580566406,202.694900512695,112.906814575195,169.679840087891,1.3097
11.08,79.0934600830078,65.4840240478516,91.5958023071289,61.2237243652344,122.86051940918,102.07633972168,892.294128417969,114.325950622559,49999.98828125,759.946411132812,287.969757080078,128.216079711914,193.765289306641,202.605255126953,112.460960388184,169.39697265625,1.33603
11.18,79.1852188110352,65.6605377197266,92.0703353881836,61.2234497070312,123.333618164062,101.027236938477,888.272338867188,114.213317871094,49999.98828125,755.905151367188,289.620788574219,128.133911132812,193.203125,202.335006713867,112.831954956055,168.833099365234,1.3301
11.281,78.9019241333008,65.554313659668,91.6750717163086,61.1890258789062,123.215965270996,100.531204223633,898.170288085938,114.776550292969,49999.98828125,723.348022460938,286.0205078125,127.327758789062,182.945709228516,202.018539428711,112.312118530273,168.318450927734,1.32837144220402
11.381,78.8636627197266,65.5531768798828,91.7534790039062,61.0966377258301,123.530349731445,100.530944824219,885.753295898438,114.927139282227,49999.98828125,678.781921386719,288.476135253906,126.562156677246,179.835296630859,202.333068847656,112.534927368164,168.27116394043,1.32189236275426
11.481,79.2852630615234,65.6244277954102,91.5559463500977,60.9282417297363,123.056617736816,100.448127746582,884.527038574219,113.764099121094,49999.98828125,671.064453125,284.866180419922,126.964477539062,181.416320800781,201.702545166016,112.497718811035,168.50617980957,1.35464252009062
11.581,79.4148864746094,65.5891036987305,90.8854598999023,60.5958366394043,122.544921875,100.447746276855,868.490600585938,112.98078918457,49999.98828125,659.902160644531,285.2080078125,126.807228088379,177.973251342773,201.52409362793,112.387130737305,168.364654541016,1.36734105526909
11.681,79.3238372802734,65.5175628662109,89.8644561767578,62.0374336242676,122.820556640625,100.69694519043,1427.11120605469,116.966346740723,49999.98828125,673.127563476562,289.081451416016,128.497451782227,178.366607666016,201.658889770508,113.470077514648,169.026473999023,1.28243391893533
11.784,78.6331634521484,65.1973266601562,90.338623046875,64.0639190673828,122.584754943848,106.809219360352,1200.30334472656,123.4921875,49999.98828125,714.0751953125,289.389404296875,129.595153808594,184.107788085938,203.28369140625,116.743431091309,168.693084716797,1.27903144592907
11.885,78.9402465820312,65.3398284912109,91.323356628418,66.1637954711914,123.416549682617,107.635787963867,1186.27673339844,124.403587341309,49999.98828125,800.46875,292.024230957031,126.845359802246,180.521286010742,203.286468505859,120.904907226562,168.696899414062,1.34518897619167
11.985,81.161018371582,67.4582061767578,100.042472839355,64.6306304931641,130.173126220703,108.220993041992,1586.08178710938,128.366668701172,49999.98828125,797.13818359375,283.876281738281,125.96257019043,192.374252319336,207.128784179688,120.745567321777,173.563339233398,1.55723433512653
12.087,94.2618865966797,73.1686859130859,136.597412109375,69.3162078857422,143.952606201172,106.098739624023,1895.0498046875,146.035446166992,49999.98828125,852.16650390625,318.52880859375,122.869430541992,241.716720581055,233.336669921875,124.379455566406,186.446365356445,2.09655894709193
12.189,118.309799194336,83.8100891113281,164.926712036133,80.9416961669922,167.664291381836,122.938186645508,3674.21411132812,165.602249145508,49999.98828125,984.399780273438,369.213317871094,126.595031738281,252.10578918457,304.807220458984,133.534271240234,204.312316894531,2.92685515445225
12.29,145.792144775391,96.855827331543,221.979583740234,101.249893188477,219.249603271484,145.74089050293,6993.81005859375,186.295776367188,49999.98828125,1507.88732910156,510.170349121094,144.310638427734,314.836761474609,389.731231689453,154.262084960938,230.368606567383,5.194
12.392,139.46418762207,97.2136993408203,236.745803833008,118.789405822754,248.577682495117,168.033447265625,8150.1533203125,201.00617980957,49999.98828125,2033.75646972656,645.927734375,187.131744384766,322.107238769531,431.0009765625,201.816864013672,231.29182434082,8.39292917995881
12.492,120.10563659668,89.2227935791016,227.586822509766,136.114547729492,267.777191162109,219.285568237305,18718.32421875,221.125854492188,49999.98828125,2773.53295898438,920.011596679688,233.62272644043,336.445953369141,462.863372802734,234.775482177734,233.240631103516,12.5231589865159
12.598,148.239608764648,111.724075317383,368.484252929688,161.69938659668,372.920288085938,263.033294677734,35551.87890625,255.656280517578,49999.98828125,3217.39990234375,1468.02465820312,277.395477294922,331.541198730469,546.002807617188,362.49365234375,244.692474365234,20.8634648720344
12.7,211.041748046875,143.399383544922,567.883422851562,196.621917724609,501.732116699219,333.939819335938,40704.4140625,280.899383544922,49999.98828125,3912.36181640625,2613.427734375,337.230285644531,387.437072753906,1382.55688476562,370.523040771484,284.415649414062,30.87938
12.81,254.417602539062,164.682022094727,882.292846679688,224.745269775391,573.402465820312,376.764221191406,40152.1953125,323.851898193359,49999.98828125,3436.87255859375,3175.69189453125,436.407897949219,377.897155761719,2086.126953125,516.751098632812,317.369201660156,42.3734999999998
12.922,269.007049560547,224.87922668457,1018.09411621094,239.698440551758,787.829956054688,454.486328125,15198.5673828125,392.825012207031,49999.98828125,1985.03442382812,2956.84130859375,532.158813476562,269.730987548828,5237.3818359375,719.42626953125,410.1943359375,55.3017317063867
13.028,303.166687011719,251.898513793945,1619.57214355469,236.093215942383,908.897155761719,537.321166992188,7226.8369140625,520.93994140625,49999.98828125,1688.92944335938,3202.01342773438,486.358581542969,431.623931884766,4958.24853515625,931.628051757812,570.019836425781,67.5963081461132
13.138,339.016479492188,280.558197021484,885.337036132812,219.333419799805,1064.25073242188,443.529724121094,6669.4951171875,680.451843261719,49999.98828125,1268.48937988281,2503.29418945312,696.510131835938,532.891845703125,8363.9873046875,947.51513671875,804.662292480469,80.8993197949282
13.252,400.922790527344,289.168701171875,884.26171875,221.018112182617,1016.17590332031,574.10693359375,4166.88525390625,634.743286132812,49999.98828125,967.835632324219,1409.7734375,579.073974609375,358.937896728516,5310.55224609375,855.406921386719,1127.26635742188,93.9450793464943
13.368,399.534362792969,322.355926513672,705.502319335938,203.773330688477,859.215698242188,847.67333984375,2832.3544921875,614.527221679688,49999.98828125,847.602722167969,734.820129394531,543.97802734375,658.561401367188,3697.48901367188,702.194763183594,1953.80627441406,105.068510742727
13.477,457.767517089844,335.381683349609,549.043334960938,222.701461791992,660.401184082031,894.688781738281,2188.89404296875,490.608734130859,49999.98828125,750.50244140625,540.705261230469,478.808502197266,690.655639648438,2483.74755859375,636.973999023438,2216.63916015625,113.348457096539
13.587,444.518646240234,332.331848144531,403.311676025391,206.213424682617,547.713256835938,971.971801757812,1306.73986816406,397.369567871094,49999.98828125,590.581176757812,513.625061035156,444.841247558594,705.242797851562,1719.50122070312,552.954772949219,1984.37280273438,120.101071904135
13.697,350.336120605469,287.159210205078,304.838623046875,188.083465576172,426.064361572266,740.873840332031,998.4365234375,310.106903076172,49999.98828125,388.179992675781,354.325866699219,300.110900878906,690.411987304688,1062.32153320312,406.611480712891,1422.08227539062,122.761054243223
13.801,279.150817871094,235.990234375,232.523239135742,170.636795043945,335.011291503906,551.381469726562,837.73193359375,246.781402587891,49999.98828125,386.656280517578,283.239135742188,238.095779418945,520.726623535156,902.687805175781,307.105072021484,1302.18139648438,121.294762789304
13.906,257.722808837891,207.046142578125,240.730056762695,150.07048034668,330.80029296875,614.163208007812,1054.73071289062,238.184600830078,49999.98828125,470.248962402344,340.540374755859,270.917907714844,361.508209228516,1050.72045898438,325.481262207031,1091.75024414062,118.469426109599
14.119,331.586486816406,208.956588745117,378.417572021484,149.03727722168,451.299133300781,597.281433105469,2582.01000976562,317.720397949219,49999.98828125,720.808227539062,421.892486572266,292.503601074219,429.50341796875,1980.86291503906,451.412780761719,806.431030273438,109.324619097865
14.223,351.636779785156,223.129974365234,445.631256103516,156.954498291016,490.721252441406,663.330688476562,3071.3271484375,378.328460693359,49999.98828125,895.989868164062,497.706787109375,325.725402832031,395.084930419922,2669.19873046875,549.345336914062,815.967651367188,103.73406545889
14.437,272.598815917969,258.466613769531,719.668701171875,183.381439208984,870.47216796875,484.018646240234,8316.974609375,561.381164550781,49999.98828125,2043.45434570312,1072.65698242188,483.236419677734,460.380706787109,4902.13232421875,741.677551269531,1007.00646972656,87.8797519163752
14.547,270.612915039062,271.306854248047,779.091430664062,190.902526855469,854.544555664062,429.150726318359,7558.7744140625,800.694885253906,49999.98828125,2342.11328125,1478.83129882812,541.369079589844,463.162200927734,4992.03466796875,837.256225585938,1192.751953125,77.612947233396
14.655,284.808532714844,272.908660888672,958.0146484375,199.580810546875,999.740356445312,497.150146484375,12626.146484375,733.061645507812,49999.98828125,2363.53100585938,2420.36840820312,562.997985839844,488.226654052734,6264.47265625,882.0615234375,1056.79272460938,67.4272952093565
14.76,284.434143066406,270.599670410156,979.443542480469,221.655715942383,986.087585449219,635.622924804688,11674.01171875,813.712524414062,49999.98828125,2953.94384765625,3235.43603515625,704.213439941406,367.146026611328,8007.1728515625,960.151550292969,699.709594726562,57.55012
14.87,287.756774902344,284.655944824219,851.025268554688,219.087890625,924.810668945312,645.901062011719,16495.2421875,703.913208007812,49999.98828125,4427.97412109375,3467.93481445312,615.928283691406,401.185668945312,7009.55322265625,938.149047851562,696.882202148438,46.77338
14.976,308.416961669922,283.383392333984,990.093383789062,228.288787841797,1009.60675048828,559.164916992188,34479.08203125,622.396850585938,49999.98828125,6233.611328125,4054.681640625,722.86767578125,716.304077148438,7099.4150390625,892.106750488281,797.507507324219,37.0237258713966
15.083,348.26806640625,298.457427978516,873.0380859375,238.468353271484,912.162902832031,704.499694824219,49999.98828125,652.002319335938,49999.98828125,5871.0615234375,5178.7275390625,587.135070800781,848.390258789062,5607.51904296875,919.33984375,697.125610351562,26.1942950703113
15.208,261.306213378906,336.273284912109,984.462097167969,218.74072265625,890.337280273438,609.075439453125,40349.3359375,615.146484375,49999.98828125,4528.4912109375,3563.96484375,585.925903320312,802.195922851562,3452.12109375,866.92578125,704.560791015625,17.7357876711067
15.323,257.001617431641,250.620651245117,945.846557617188,215.35514831543,725.786682128906,638.778869628906,48653.57421875,527.000854492188,49999.98828125,3754.06396484375,3250.76171875,487.710357666016,667.442260742188,2488.32104492188,646.948059082031,610.568481445312,12.3555843885461
15.437,243.305465698242,247.473510742188,837.233032226562,211.31462097168,675.470886230469,669.267272949219,42948.11328125,475.501281738281,49999.98828125,2801.24658203125,2428.54150390625,452.70361328125,718.721435546875,2422.81665039062,644.821166992188,648.037048339844,8.34281185356268
15.545,236.534744262695,222.063430786133,798.920654296875,190.246826171875,566.159362792969,553.248901367188,12938.927734375,376.044616699219,49999.98828125,1699.42614746094,2244.95068359375,415.973724365234,494.046142578125,2362.90405273438,759.008605957031,604.0234375,7.5768463664262
15.651,214.6962890625,201.552337646484,595.48388671875,161.463760375977,540.216491699219,490.2724609375,12610.3828125,318.335693359375,49999.98828125,1398.37744140625,1730.80212402344,330.160247802734,456.84326171875,1831.1181640625,595.351928710938,599.255554199219,9.70882514340419
15.758,189.881988525391,187.953048706055,550.5205078125,152.071258544922,537.60595703125,473.267486572266,19593.49609375,346.665832519531,49999.98828125,2244.111328125,1770.96716308594,287.547454833984,496.650939941406,1457.7626953125,491.990234375,533.409545898438,13.9696288438609
15.866,198.068817138672,173.009857177734,658.078125,161.944046020508,542.43212890625,433.437835693359,37117.3125,387.138092041016,49999.98828125,3039.95825195312,1937.42211914062,303.92626953125,531.057983398438,1499.99340820312,438.492767333984,451.536773681641,22.1227168266603
15.972,220.795944213867,180.837997436523,899.082397460938,178.532562255859,559.963623046875,382.652191162109,36376.2890625,378.980651855469,49999.98828125,3355.81127929688,2363.48486328125,379.847839355469,478.208435058594,2580.39404296875,500.768402099609,448.841888427734,34.657541957703
16.078,224.887619018555,199.469390869141,946.467468261719,185.25944519043,600.165100097656,430.877990722656,25682.70703125,386.069885253906,49999.98828125,4410.5234375,2340.06396484375,431.974182128906,479.157318115234,3273.67797851562,577.362426757812,515.346801757812,45.354435101726
16.188,274.636596679688,216.414459228516,799.046508789062,191.612640380859,616.24462890625,476.766052246094,7249.3603515625,518.163940429688,49999.98828125,2771.88989257812,2234.43505859375,444.844573974609,468.959655761719,4609.91162109375,657.101684570312,539.947692871094,56.468446506858
16.414,283.863861083984,229.955718994141,622.562927246094,179.714752197266,775.652221679688,445.111755371094,5902.2412109375,584.254577636719,49999.98828125,1442.29663085938,1613.52990722656,521.474609375,367.049926757812,4963.203125,704.356506347656,803.65185546875,77.2486793881969
16.639,313.910583496094,254.423294067383,701.119995117188,161.210830688477,669.77490234375,450.646057128906,3001.115234375,447.932800292969,49999.98828125,737.913696289062,808.942260742188,432.797058105469,469.263031005859,3048.9755859375,641.791198730469,1114.50415039062,95.5094449829324
16.864,287.803314208984,219.574310302734,381.605773925781,152.175689697266,404.999450683594,521.823120117188,1372.47021484375,272.861236572266,49999.98828125,560.366577148438,421.4814453125,303.405120849609,419.868225097656,1514.02758789062,397.611633300781,998.183715820312,104.732144410261
16.968,218.504837036133,176.098403930664,265.119201660156,135.004608154297,305.199371337891,310.307678222656,1233.72912597656,229.756790161133,49999.98828125,476.933929443359,294.6572265625,214.09016418457,366.015991210938,1052.59582519531,303.245300292969,693.6103515625,103.449228377889
17.07,190.05419921875,153.277236938477,241.817337036133,126.16130065918,287.849548339844,285.153961181641,1188.53112792969,209.709671020508,49999.98828125,478.6982421875,300.603942871094,210.298065185547,349.251708984375,1018.7333984375,284.308929443359,697.2685546875,101.64479
17.177,207.345916748047,150.628219604492,247.86962890625,123.872970581055,309.115814208984,319.219757080078,1387.14221191406,231.596389770508,49999.98828125,548.396850585938,321.000946044922,228.677154541016,305.581359863281,1138.21899414062,315.217681884766,635.575317382812,99.4671265886905
17.281,215.033599853516,154.051620483398,293.982452392578,120.98567199707,366.420013427734,283.305084228516,1599.16748046875,250.49104309082,49999.98828125,597.799682617188,409.268890380859,246.468017578125,341.772766113281,1385.39147949219,350.071258544922,536.998657226562,96.4861451952754
17.485,184.375396728516,164.913177490234,456.887878417969,133.843734741211,527.097045898438,274.883575439453,5042.4482421875,352.197113037109,49999.98828125,1101.51806640625,662.533142089844,320.025817871094,374.395568847656,2306.22998046875,495.712066650391,652.081665039062,85.1249628134961
17.589,207.414276123047,171.898193359375,489.748046875,136.207244873047,567.4306640625,306.521240234375,5840.240234375,366.861450195312,49999.98828125,1246.33715820312,980.058959960938,350.925231933594,382.434326171875,3306.93481445312,585.746887207031,747.855529785156,77.8436115745597
17.802,202.037628173828,171.558807373047,535.958129882812,158.504974365234,589.995361328125,327.896270751953,6094.0166015625,418.593597412109,49999.98828125,1772.57885742188,1544.40209960938,401.693176269531,290.965576171875,3755.90893554688,638.499267578125,561.4658203125,64.1799551126388
17.907,219.752517700195,186.563201904297,524.889404296875,161.226638793945,525.192077636719,363.792663574219,9927.8935546875,461.097473144531,49999.98828125,2297.76879882812,1656.14282226562,426.572265625,329.732604980469,5035.353515625,622.338562011719,544.726867675781,58.2306445071185
18.019,223.768157958984,192.893157958984,620.919128417969,160.760818481445,582.566467285156,370.440643310547,9760.822265625,510.208312988281,49999.98828125,2788.58715820312,2070.85498046875,435.478332519531,413.779846191406,4084.10668945312,685.949829101562,635.93603515625,50.1588422741713
18.123,229.295944213867,210.214569091797,632.182678222656,176.54914855957,617.365783691406,370.127380371094,24542.69921875,498.421081542969,49999.98828125,4184.9482421875,2863.10864257812,479.574645996094,404.054229736328,3741.38818359375,719.200744628906,571.184875488281,40.8100595260192
18.348,223.825469970703,209.711669921875,697.421142578125,196.259887695312,570.246643066406,422.939453125,37109.03125,404.096343994141,49999.98828125,4011.89135742188,2741.64624023438,411.989166259766,566.403503417969,2516.55004882812,520.222534179688,534.367797851562,24.1920466684716
18.454,203.02571105957,210.180389404297,619.064208984375,174.817642211914,544.138061523438,436.162261962891,26689.23046875,369.8828125,49999.98828125,4059.60595703125,1984.6767578125,322.537414550781,553.643920898438,1798.98828125,484.426574707031,511.3818359375,19.0274919218259
18.569,196.055847167969,187.837982177734,687.244262695312,175.640213012695,527.201782226562,438.815582275391,37489.12109375,400.649810791016,49999.98828125,2576.638671875,2070.14404296875,326.635650634766,447.439056396484,1954.47692871094,496.166442871094,482.879974365234,13.9511579087221
18.676,205.208831787109,184.706420898438,733.371948242188,174.388946533203,519.083923339844,441.870697021484,40576.5078125,348.695556640625,49999.98828125,2106.82104492188,1543.6435546875,383.291809082031,442.651275634766,1625.21398925781,539.912292480469,528.4033203125,9.36264033866022
18.782,214.702270507812,185.097244262695,686.098266601562,170.769241333008,483.000915527344,424.728698730469,11934.4560546875,285.485992431641,49999.98828125,1560.7060546875,1502.25964355469,341.368774414062,406.918029785156,1320.60363769531,460.277923583984,509.872711181641,7.91707479823906
18.99,141.881332397461,146.598098754883,504.203704833984,150.322952270508,484.145202636719,337.145843505859,19513.0234375,314.704071044922,49999.98828125,2517.66455078125,1414.92919921875,262.790496826172,372.798919677734,1165.73754882812,382.032531738281,354.992034912109,18.42128
19.093,173.100067138672,143.947662353516,547.243835449219,159.9326171875,453.701110839844,319.366668701172,27712.890625,312.443389892578,49999.98828125,3385.93115234375,1469.21179199219,294.861724853516,386.853210449219,1647.02270507812,419.299377441406,345.874053955078,28.3676673647749
19.197,174.096862792969,158.20263671875,751.603881835938,169.502853393555,469.767028808594,337.293884277344,28664.349609375,312.772888183594,49999.98828125,3693.47192382812,1735.8994140625,348.852355957031,426.493469238281,2437.97900390625,429.444396972656,378.689758300781,39.1013725961753
19.308,227.688232421875,165.467224121094,830.332397460938,170.060546875,584.755065917969,320.046722412109,19234.005859375,391.218566894531,49999.98828125,3154.93505859375,2115.24877929688,399.074768066406,334.824401855469,4167.54541015625,612.325073242188,438.107757568359,53.3597419892725
19.421,235.080490112305,180.128540039062,755.888916015625,168.123138427734,649.916931152344,351.413391113281,7491.8330078125,460.190673828125,49999.98828125,1941.73168945312,1980.05017089844,418.382507324219,413.024230957031,3318.08666992188,682.297241210938,627.375793457031,68.6398616725489
19.532,226.846893310547,198.608856201172,608.329650878906,154.469467163086,707.017578125,394.796234130859,5713.7373046875,510.466400146484,49999.98828125,1202.23840332031,1380.23901367188,445.697937011719,320.721130371094,3385.19848632812,644.583618164062,732.226684570312,82.0526354186588
19.649,265.51513671875,213.2939453125,512.699584960938,147.443023681641,606.609680175781,385.080108642578,2650.244140625,397.796478271484,49999.98828125,743.295043945312,786.785705566406,371.732421875,337.577880859375,3006.80200195312,566.023315429688,1007.96270751953,94.8017158352238
19.751,308.040191650391,243.814788818359,489.173645019531,155.462432861328,571.458374023438,579.37451171875,2631.6875,387.884338378906,49999.98828125,731.366882324219,573.469909667969,379.984283447266,416.076995849609,2376.69189453125,474.990570068359,1069.21411132812,103.059365367165
19.859,274.488708496094,276.223999023438,415.296295166016,160.756637573242,522.342529296875,747.869384765625,1925.26721191406,387.247283935547,49999.98828125,648.864929199219,433.262878417969,351.193664550781,528.097839355469,1737.96801757812,479.561614990234,1490.12451171875,111.619825010046
19.969,340.818542480469,256.07275390625,360.958648681641,161.460540771484,414.966491699219,809.113952636719,1273.74047851562,321.440032958984,49999.98828125,495.881042480469,384.607666015625,325.968048095703,527.751281738281,1060.92834472656,424.907653808594,1343.45666503906,120.235129805368
20.183,243.893112182617,186.115676879883,217.466827392578,140.009872436523,262.865966796875,441.869781494141,756.775573730469,194.08561706543,49999.98828125,334.769989013672,227.279418945312,187.748809814453,343.437683105469,688.140991210938,249.867752075195,820.8310546875,122.46440458636
20.283,232.209381103516,160.12548828125,223.086700439453,124.265037536621,258.024383544922,441.737609863281,843.678344726562,192.334030151367,49999.98828125,411.532135009766,250.769485473633,216.389984130859,321.404388427734,785.074645996094,259.1826171875,758.062316894531,119.936688069131
20.385,246.961349487305,171.179794311523,260.259674072266,124.602966308594,287.803802490234,522.480529785156,1206.1572265625,211.499908447266,49999.98828125,543.709167480469,293.215881347656,235.842926025391,349.000335693359,1046.56384277344,321.785522460938,623.079406738281,115.984972233012
20.49,247.239288330078,187.068130493164,292.23095703125,128.299377441406,320.029876708984,468.204254150391,1575.07092285156,230.699798583984,49999.98828125,623.084106445312,332.878448486328,246.360931396484,352.685943603516,1220.78247070312,355.774871826172,655.258178710938,111.73066
20.593,259.475402832031,186.451171875,338.192657470703,128.00798034668,372.014251708984,530.936401367188,1896.85668945312,303.9775390625,49999.98828125,657.737182617188,373.106994628906,263.151702880859,326.952423095703,1561.74536132812,404.295959472656,650.200805664062,107.008568475888
20.694,299.847229003906,200.310943603516,374.236236572266,130.592254638672,448.320739746094,619.2724609375,2859.85473632812,341.673889160156,49999.98828125,833.26513671875,456.974548339844,277.466766357422,328.598785400391,2255.62939453125,499.949035644531,712.666625976562,101.081779152054
20.8,283.343933105469,209.300445556641,460.837219238281,137.636138916016,513.549011230469,549.155334472656,3890.62426757812,349.130065917969,49999.98828125,1117.994140625,621.123352050781,314.068176269531,406.684387207031,2889.08251953125,537.201049804688,836.39306640625,94.01424
20.912,259.130065917969,205.797210693359,434.3642578125,139.359146118164,562.276733398438,420.58203125,3982.90380859375,365.623870849609,49999.98828125,1252.36328125,653.936218261719,323.203063964844,411.466064453125,2814.548828125,481.143463134766,627.810546875,87.0541208241901
21.123,225.148635864258,203.870254516602,576.579223632812,148.456466674805,532.12060546875,395.779663085938,4987.916015625,514.709899902344,49999.98828125,1741.15295410156,947.305969238281,331.391510009766,406.568664550781,2835.78930664062,564.874328613281,655.997009277344,76.9686482550912
21.229,208.178100585938,208.195266723633,584.362915039062,157.400482177734,611.358154296875,361.394439697266,5745.751953125,486.128997802734,49999.98828125,1520.0234375,1183.45715332031,407.35498046875,410.948394775391,3444.75341796875,621.898559570312,781.297973632812,69.67753137304
21.334,204.154006958008,213.510345458984,569.252685546875,157.13703918457,688.477111816406,380.016174316406,6117.19775390625,461.008117675781,49999.98828125,1808.26721191406,1473.55236816406,420.819976806641,431.650054931641,5568.28271484375,705.571655273438,665.438354492188,61.5195651561819
21.443,226.719802856445,211.235885620117,557.584106445312,166.721343994141,667.172912597656,475.474548339844,7662.1591796875,530.306274414062,49999.98828125,2387.57958984375,1890.90356445312,462.965393066406,350.322204589844,5338.09716796875,698.607604980469,598.12548828125,52.8255248572474
21.55,247.25617980957,217.269744873047,550.81298828125,167.691360473633,754.072631835938,436.729553222656,17704.751953125,523.782592773438,49999.98828125,3303.77490234375,3055.06176757812,471.512390136719,482.492095947266,3383.29956054688,673.361999511719,599.688598632812,42.696
21.659,241.829467773438,236.290573120117,697.791870117188,186.639434814453,768.6875,448.102630615234,36840.2578125,431.979431152344,49999.98828125,4395.47802734375,3381.25927734375,480.840026855469,577.727233886719,5720.033203125,702.708679199219,572.671264648438,31.3275564102813
21.777,249.510696411133,241.563751220703,801.676696777344,185.280044555664,675.133605957031,480.112121582031,37904.39453125,423.117248535156,49999.98828125,4491.3037109375,2448.40771484375,461.019836425781,600.742553710938,2820.93505859375,797.503601074219,581.132629394531,20.7904139722497
21.883,241.589401245117,239.550048828125,921.426391601562,199.050933837891,624.510620117188,530.450805664062,45043.734375,473.516418457031,49999.98828125,3971.64501953125,2883.49365234375,442.021148681641,577.529174804688,2291.05126953125,1283.89587402344,639.003234863281,12.2287849234657
21.995,261.627777099609,271.477416992188,1070.990234375,216.956985473633,612.173095703125,519.473327636719,25842.724609375,456.192443847656,49999.98828125,2698.28369140625,2008.7109375,382.890747070312,432.485656738281,1936.97131347656,716.229919433594,661.305297851562,6.92160180341456
22.2,210.121536254883,207.677932739258,586.54248046875,155.792022705078,509.830261230469,437.222259521484,17618.029296875,367.396423339844,49999.98828125,2919.97265625,1682.36791992188,279.559143066406,360.162384033203,1385.94189453125,430.391265869141,486.385406494141,9.34311
22.305,181.70100402832,187.972015380859,580.227966308594,151.855865478516,494.739562988281,372.797943115234,21589.67578125,403.992126464844,49999.98828125,3631.53393554688,1868.42419433594,264.515380859375,333.892395019531,1264.58703613281,604.364196777344,448.927001953125,15.8305995903918
22.516,211.74382019043,198.906814575195,907.011901855469,162.347778320312,562.657531738281,376.529449462891,25559.08984375,374.870788574219,49999.98828125,3847.91162109375,1718.41076660156,355.088775634766,358.183746337891,2406.0087890625,446.577209472656,401.228698730469,34.8278657759817
22.623,214.814849853516,202.761825561523,968.364624023438,170.122665405273,611.438903808594,426.637542724609,10533.8388671875,368.04736328125,49999.98828125,3167.48974609375,1924.16186523438,390.412414550781,393.338836669922,4129.99755859375,511.464935302734,417.712066650391,46.1619103258353
22.732,190.378326416016,202.320236206055,897.265930175781,161.952392578125,569.989868164062,386.856872558594,9605.138671875,407.982543945312,49999.98828125,1852.33337402344,2044.88208007812,399.537963867188,510.363128662109,3547.39501953125,610.86669921875,541.158752441406,57.3895189745293
22.841,256.215698242188,198.16633605957,808.063049316406,160.627517700195,605.702087402344,442.417053222656,6510.00390625,464.80126953125,49999.98828125,1550.03942871094,2049.259765625,404.754272460938,394.141265869141,3099.72216796875,618.458435058594,605.497009277344,67.3324847984397
22.955,246.991912841797,220.591262817383,630.507934570312,155.213668823242,681.246704101562,381.772705078125,5714.3212890625,500.056304931641,49999.98828125,1068.65209960938,1536.365234375,412.544372558594,337.677886962891,3888.41284179688,626.439453125,714.638549804688,77.0425302389803
23.074,257.958984375,209.797561645508,599.428100585938,150.914276123047,650.592041015625,369.235992431641,4205.18896484375,453.005310058594,49999.98828125,743.837463378906,901.019653320312,359.752563476562,339.169036865234,3093.90087890625,555.98193359375,821.751281738281,87.0437399927164
23.184,264.460174560547,223.439453125,512.701538085938,146.524856567383,536.19677734375,353.666320800781,2640.20947265625,368.651000976562,49999.98828125,660.766479492188,717.290893554688,354.007171630859,516.637817382812,2822.810546875,514.442016601562,814.226257324219,95.2307396421993
23.296,262.674407958984,221.616577148438,412.280517578125,145.131744384766,428.983825683594,357.479797363281,1980.28833007812,304.905303955078,49999.98828125,619.448425292969,497.190612792969,336.700836181641,385.058044433594,2057.45874023438,421.396636962891,1038.19750976562,102.13562580696
23.402,233.791946411133,219.56462097168,330.142669677734,143.10124206543,365.363159179688,449.05126953125,1311.81579589844,258.497955322266,49999.98828125,448.583251953125,359.488494873047,247.055374145508,372.348449707031,1449.66955566406,350.446838378906,819.442016601562,105.738385952376
23.503,195.452056884766,170.736221313477,251.889617919922,131.662139892578,276.035705566406,401.33740234375,974.459167480469,209.358474731445,49999.98828125,389.028961181641,275.216796875,208.010375976562,357.388549804688,938.740234375,284.346160888672,632.030151367188,105.783978055929
23.604,185.128051757812,153.638275146484,231.40576171875,123.654945373535,253.664260864258,307.570953369141,955.114624023438,199.087921142578,49999.98828125,488.349456787109,280.307800292969,176.46418762207,316.072418212891,850.437316894531,258.082824707031,654.498840332031,104.734187562668
23.704,197.083251953125,147.51091003418,251.650543212891,121.494102478027,271.301086425781,297.066253662109,1411.8095703125,207.846389770508,49999.98828125,542.746704101562,277.563720703125,196.412307739258,366.318420410156,1003.99743652344,272.627990722656,630.12060546875,102.614007130459
23.806,205.278656005859,148.768478393555,296.784973144531,121.115234375,324.304992675781,304.08740234375,1547.36474609375,229.06396484375,49999.98828125,631.799194335938,347.108306884766,227.816284179688,307.29052734375,1172.45251464844,331.159729003906,527.740966796875,99.37502751661
23.912,215.108840942383,156.948455810547,358.816131591797,128.372589111328,369.520080566406,296.457122802734,2382.81982421875,254.579559326172,49999.98828125,700.163757324219,463.068450927734,227.570892333984,284.844512939453,1621.98559570312,372.347503662109,489.874267578125,94.7963713936442
24.017,207.323364257812,153.773223876953,414.3759765625,132.538497924805,436.201812744141,259.661865234375,3564.189453125,281.376922607422,49999.98828125,932.113647460938,577.338073730469,237.857330322266,306.144348144531,1869.72387695312,431.742523193359,497.709411621094,88.8704779226779
24.122,201.493087768555,158.247955322266,418.035095214844,132.781433105469,468.714752197266,268.282318115234,4465.3173828125,291.957611083984,49999.98828125,1169.44067382812,694.342407226562,271.328674316406,298.041351318359,2041.49536132812,439.816802978516,517.80810546875,82.7451784283327
24.227,170.863616943359,162.832305908203,539.369750976562,142.118255615234,517.428527832031,282.734283447266,4369.6767578125,362.928649902344,49999.98828125,1498.84204101562,909.173217773438,275.801483154297,307.150390625,2451.48779296875,504.783294677734,588.122375488281,77.0847171413966
24.335,162.245178222656,162.829071044922,451.133728027344,141.842361450195,565.846374511719,291.819671630859,5356.7041015625,386.76123046875,49999.98828125,1580.43591308594,1023.98370361328,358.558074951172,232.10481262207,2875.38549804688,535.67626953125,566.608276367188,70.3590991627842
24.44,156.316375732422,166.164703369141,520.521850585938,146.577819824219,554.334533691406,309.123291015625,4401.36474609375,399.536712646484,49999.98828125,1548.31066894531,1238.28649902344,369.792022705078,265.037658691406,3365.0390625,586.3232421875,442.173095703125,63.5654400000002
24.543,172.819854736328,172.793167114258,502.007995605469,147.494125366211,559.0146484375,290.870178222656,5958.2900390625,429.639556884766,49999.98828125,1513.26293945312,1584.85437011719,382.276397705078,249.165618896484,4603.37841796875,618.76171875,426.8271484375,57.2150220283533
24.654,184.047576904297,181.009552001953,543.645629882812,147.877227783203,611.47216796875,323.199035644531,9803.3984375,478.741516113281,49999.98828125,2317.8984375,2056.9912109375,402.732604980469,281.117095947266,4305.86474609375,603.500793457031,486.319519042969,50.128036668411
24.762,195.803253173828,201.156143188477,632.251098632812,163.560272216797,678.90966796875,349.802429199219,29765.52734375,496.564544677734,49999.98828125,2497.513671875,2927.64697265625,484.523620605469,352.185546875,3765.19677734375,625.341735839844,510.679138183594,40.6490616758497
24.874,229.624465942383,220.076995849609,741.149536132812,176.516937255859,615.732604980469,327.160491943359,38419.86328125,453.437164306641,49999.98828125,3001.77001953125,2831.46240234375,434.576080322266,512.15087890625,3554.07666015625,690.886596679688,463.053894042969,29.5880618355116
24.987,204.123886108398,217.857299804688,823.952819824219,176.197402954102,569.1591796875,373.800415039062,39337.83203125,421.807220458984,49999.98828125,4832.4560546875,2979.15087890625,390.046539306641,775.798156738281,2614.70361328125,780.009582519531,438.746978759766,21.0085907243848
25.096,209.925811767578,214.429565429688,841.774536132812,178.495452880859,550.668579101562,416.243347167969,38500.9921875,397.169616699219,49999.98828125,5787.95947265625,2454.31958007812,359.200225830078,499.243347167969,1718.41796875,841.145629882812,463.202087402344,14.286969018335
25.21,250.907745361328,249.269775390625,869.770690917969,241.918746948242,591.300659179688,432.512939453125,36800.859375,417.670074462891,49999.98828125,3353.82543945312,2200.89111328125,371.773406982422,531.851013183594,1902.10473632812,658.716430664062,540.808227539062,7.65693
25.32,228.944702148438,225.926315307617,565.643127441406,218.494216918945,503.306884765625,387.937042236328,32876.4140625,377.404846191406,49999.98828125,2206.46044921875,1869.80688476562,401.642486572266,468.689544677734,1687.55444335938,458.784484863281,492.373046875,4.759
25.421,200.384353637695,204.112243652344,452.19384765625,188.280853271484,385.740264892578,370.275695800781,31294.84765625,332.432189941406,49999.98828125,1542.40856933594,1734.35314941406,343.596740722656,538.372741699219,1460.47290039062,398.799743652344,514.378540039062,4.74436994779653
25.524,217.062774658203,178.173797607422,377.504547119141,176.093109130859,357.457458496094,356.754913330078,21710.033203125,307.52978515625,49999.98828125,1683.1357421875,1468.11450195312,291.685546875,394.11669921875,1047.66748046875,386.125244140625,472.448547363281,5.38359488013691
25.624,195.36799621582,152.62712097168,390.165710449219,167.240936279297,432.158020019531,272.945556640625,23654.283203125,297.750671386719,49999.98828125,2979.208984375,1952.50329589844,281.721588134766,336.676116943359,1001.95086669922,381.238952636719,391.951110839844,9.87570146605546
25.732,183.949310302734,149.680191040039,623.734924316406,167.159759521484,526.778686523438,279.252258300781,29482.43359375,348.020355224609,49999.98828125,4177.69482421875,2387.9775390625,324.023345947266,315.098968505859,1183.38427734375,497.626129150391,359.594329833984,19.8486569858674
25.838,159.552612304688,167.072784423828,853.656616210938,174.213729858398,487.410491943359,272.023376464844,36084.94140625,352.716613769531,49999.98828125,3310.97216796875,2166.544921875,409.600769042969,397.990844726562,1783.2744140625,466.838470458984,368.075988769531,32.2336902627215
25.943,226.811279296875,192.51252746582,822.593627929688,172.793869018555,600.191772460938,279.54931640625,26825.978515625,379.766082763672,49999.98828125,3014.20532226562,2251.466796875,429.445068359375,476.519714355469,3021.84936523438,543.134704589844,372.836700439453,46.0198164805626
26.056,255.721221923828,219.08805847168,873.609680175781,172.305252075195,660.370788574219,318.966339111328,8434.232421875,462.681945800781,49999.98828125,1828.30883789062,2217.39990234375,427.716003417969,501.153228759766,3136.42041015625,697.865539550781,488.455261230469,61.7968886230684
26.175,233.889236450195,224.001800537109,726.213562011719,158.18424987793,645.575927734375,339.301727294922,5740.90625,496.853820800781,49999.98828125,1189.19494628906,1802.59606933594,456.071929931641,318.936645507812,3244.345703125,621.476928710938,641.976196289062,77.1135288658779
26.291,217.975006103516,216.781814575195,508.796203613281,149.172088623047,669.261169433594,378.258880615234,2771.06689453125,401.765197753906,49999.98828125,748.1015625,859.484680175781,391.187622070312,316.234710693359,2929.4169921875,548.3544921875,835.142944335938,91.3188073333002
26.403,284.00537109375,231.658782958984,516.811157226562,151.121063232422,528.480285644531,546.927856445312,2351.40673828125,360.646057128906,49999.98828125,724.64111328125,538.754211425781,367.594787597656,348.920440673828,2227.7109375,459.567321777344,997.071411132812,101.171050496146
26.512,292.895568847656,253.256271362305,406.771240234375,158.964691162109,506.201324462891,598.256713867188,2032.24536132812,330.750457763672,49999.98828125,618.867797851562,433.951995849609,346.429534912109,472.554992675781,1721.0390625,455.478607177734,1114.66015625,109.993755849213
26.616,291.998870849609,239.605743408203,333.590484619141,151.775161743164,391.7177734375,530.885498046875,951.301391601562,309.687622070312,49999.98828125,466.915374755859,336.666931152344,278.831390380859,498.829650878906,1049.26196289062,389.743835449219,1046.61145019531,116.170243368667
26.72,267.657379150391,220.668258666992,255.258575439453,150.664474487305,306.582550048828,443.859069824219,703.505126953125,231.32258605957,49999.98828125,365.297180175781,312.115966796875,238.430816650391,489.856750488281,758.275451660156,326.613189697266,916.07958984375,120.94678
26.821,217.455642700195,181.988693237305,198.347808837891,141.047210693359,250.294555664062,402.949645996094,554.286254882812,193.899993896484,49999.98828125,275.852325439453,206.377716064453,178.328567504883,456.087066650391,530.949096679688,253.292846679688,775.872802734375,121.188105702464
26.922,189.072158813477,165.382415771484,161.576629638672,128.360015869141,228.745819091797,337.917633056641,549.926513671875,167.869232177734,49999.98828125,286.562194824219,184.298217773438,152.535537719727,344.237915039062,449.54638671875,218.291213989258,668.195129394531,120.181530446966
27.023,186.193298339844,152.174774169922,157.446929931641,124.05778503418,224.145797729492,312.915069580078,575.503540039062,156.145233154297,49999.98828125,361.092346191406,174.547378540039,161.083786010742,329.012390136719,423.832763671875,213.524139404297,598.197204589844,119.902150431145
27.123,215.681594848633,151.159698486328,205.759811401367,129.10139465332,229.233764648438,359.929260253906,830.581909179688,154.004592895508,49999.98828125,456.943542480469,257.156402587891,193.518005371094,297.205596923828,642.718872070312,241.326873779297,590.396423339844,118.758233080792
27.223,232.559844970703,165.757568359375,281.814056396484,127.346435546875,260.168518066406,428.992126464844,1377.60083007812,203.640228271484,49999.98828125,568.191772460938,308.106109619141,215.502243041992,285.481109619141,1028.30444335938,308.632873535156,601.802673339844,115.122812396664
27.327,231.245803833008,180.233978271484,358.575988769531,126.227699279785,347.823547363281,414.28564453125,2022.9189453125,265.792327880859,49999.98828125,620.571594238281,377.095458984375,222.239349365234,301.257507324219,1471.22351074219,378.733337402344,609.956665039062,109.154401659556
27.431,245.046264648438,204.950225830078,384.716888427734,128.170013427734,426.064697265625,615.865356445312,2847.48876953125,325.506469726562,49999.98828125,731.158813476562,442.905670166016,263.790954589844,320.933166503906,2025.12634277344,457.893890380859,703.904418945312,102.274908170988
27.535,247.400054931641,216.630905151367,440.965087890625,134.275039672852,519.89404296875,446.965515136719,3585.34692382812,364.776184082031,49999.98828125,990.840637207031,589.453979492188,290.366516113281,344.242065429688,2514.56005859375,514.220458984375,685.286499023438,94.9453917650516
27.639,228.388580322266,201.242538452148,425.049224853516,140.579635620117,575.10986328125,423.964416503906,5219.845703125,417.613952636719,49999.98828125,1229.67553710938,700.394409179688,326.060119628906,363.951354980469,2615.34423828125,506.8427734375,641.479187011719,87.7791718062386
27.748,222.764068603516,188.96223449707,527.41748046875,141.667404174805,562.359802246094,391.503753662109,5312.61328125,431.116302490234,49999.98828125,1698.91674804688,805.111328125,341.151550292969,384.405120849609,2715.86254882812,569.863830566406,694.836669921875,80.3488810048595
27.853,207.345245361328,206.370941162109,608.687194824219,155.199035644531,634.303466796875,338.169921875,6859.2646484375,464.600677490234,49999.98828125,1783.18884277344,1118.783203125,359.257507324219,380.254150390625,4058.80932617188,589.301879882812,731.933715820312,73.2786421077583
27.96,172.596374511719,213.26513671875,718.179870605469,166.966415405273,700.655822753906,351.248901367188,6898.96337890625,542.425659179688,49999.98828125,1864.634765625,1522.28564453125,427.855316162109,398.0107421875,4512.01953125,681.95654296875,826.992370605469,64.55402
28.071,200.819137573242,209.053512573242,576.597351074219,156.412551879883,703.060424804688,374.281188964844,8619.69921875,471.865234375,49999.98828125,2687.67211914062,2147.67041015625,463.527099609375,507.668121337891,5543.8896484375,696.434265136719,713.229309082031,53.2608159464753
28.181,244.219268798828,229.086517333984,642.321838378906,165.028411865234,723.630187988281,418.004974365234,29076.041015625,548.6455078125,49999.98828125,4194.5234375,3735.96411132812,522.254516601562,657.23388671875,4209.5595703125,669.308288574219,704.52490234375,41.92363719207
28.405,249.951416015625,231.999847412109,833.978332519531,204.225555419922,637.015930175781,489.274322509766,23219.65234375,477.42138671875,49999.98828125,4683.4560546875,2842.90063476562,444.673248291016,707.170288085938,2502.04150390625,639.616577148438,560.325378417969,21.6717953207394
28.512,227.577590942383,244.551971435547,1121.587890625,205.619064331055,670.79052734375,460.32421875,43368.88671875,458.870361328125,49999.98828125,3982.06201171875,2570.04248046875,426.089660644531,618.317993164062,2088.77587890625,790.64453125,639.206909179688,13.3925960620209
28.625,271.298522949219,258.450866699219,898.786010742188,227.359786987305,616.686340332031,470.898590087891,38504.16015625,421.107604980469,49999.98828125,2695.1884765625,2289.17236328125,399.817779541016,493.137023925781,2053.96606445312,613.838012695312,593.251098632812,6.3168795993328
28.73,213.312469482422,213.729537963867,563.455444335938,191.962707519531,523.39013671875,418.996154785156,13424.748046875,365.75341796875,49999.98828125,1755.18420410156,1735.09631347656,304.606262207031,417.987121582031,1343.15771484375,439.594665527344,518.611389160156,6.43788
28.83,196.473052978516,197.149353027344,495.834533691406,158.294082641602,484.517425537109,373.019561767578,22201.53515625,343.723693847656,49999.98828125,3746.16479492188,1609.34851074219,265.328704833984,408.312652587891,1203.24731445312,400.964447021484,478.20654296875,7.82813
28.937,204.258453369141,167.629608154297,553.59912109375,164.607696533203,567.096313476562,353.438385009766,18807.521484375,388.6845703125,49999.98828125,4200.0107421875,1421.43005371094,272.683959960938,353.011566162109,1414.61486816406,421.933532714844,447.447204589844,14.7577994377113
29.042,214.270797729492,177.898956298828,763.194580078125,174.58137512207,561.819030761719,341.279479980469,22880.35546875,371.135589599609,49999.98828125,4131.083984375,2101.42749023438,327.061859130859,321.1396484375,1913.572265625,457.747802734375,441.619964599609,25.330987895394
29.153,218.112060546875,190.028259277344,1161.29431152344,171.50846862793,539.443542480469,369.216766357422,23574.07421875,361.550720214844,49999.98828125,3468.69677734375,2266.67895507812,380.962738037109,449.768615722656,3516.45629882812,427.803649902344,425.4228515625,38.2715850669073
29.264,221.78776550293,202.463912963867,1054.07446289062,175.684371948242,611.337036132812,361.442840576172,12144.2265625,356.841217041016,49999.98828125,2194.02001953125,2454.91943359375,386.322692871094,518.985046386719,3804.13012695312,568.317749023438,422.082855224609,50.7741914194126
29.481,234.422561645508,209.57275390625,692.775817871094,161.646453857422,648.7646484375,330.086517333984,6234.021484375,493.004455566406,49999.98828125,1341.19848632812,1881.46215820312,408.635894775391,323.380310058594,4194.9560546875,622.417663574219,735.522583007812,72.4536293956866
29.703,245.539016723633,213.053024291992,488.530700683594,146.319732666016,557.643981933594,359.394470214844,2610.89453125,351.578918457031,49999.98828125,662.248901367188,780.544555664062,386.380187988281,344.494812011719,2835.43334960938,527.853332519531,911.365112304688,91.8909529629103
29.809,255.477249145508,238.609664916992,458.55322265625,149.27214050293,478.320159912109,384.884674072266,2216.09130859375,316.342315673828,49999.98828125,582.9375,574.362915039062,329.875,387.373138427734,2288.482421875,481.747253417969,1031.17749023438,99.9138230945439
29.92,221.119216918945,214.000885009766,316.660583496094,135.209136962891,385.541687011719,490.926666259766,1500.91088867188,238.334197998047,49999.98828125,430.671142578125,326.448059082031,244.405227661133,370.711059570312,1257.22961425781,356.582214355469,887.160766601562,106.8636
30.022,173.342803955078,163.35969543457,234.273239135742,122.364456176758,266.955749511719,322.160552978516,1038.04174804688,193.525421142578,49999.98828125,394.121307373047,240.181671142578,180.254745483398,295.731719970703,780.578308105469,265.377777099609,719.6650390625,106.619011200509
30.126,166.41780090332,147.108764648438,225.705718994141,116.936485290527,238.124755859375,262.6416015625,868.293334960938,178.54411315918,49999.98828125,436.254302978516,249.630340576172,174.888824462891,286.238525390625,795.344909667969,254.876022338867,610.62109375,104.69647994191
30.332,199.566604614258,153.319122314453,339.619476318359,125.213279724121,330.509979248047,341.754699707031,1661.91015625,234.031616210938,49999.98828125,712.492065429688,418.062896728516,221.145065307617,301.738494873047,1358.59887695312,349.350402832031,551.369262695312,98.5560790126501
30.433,199.404876708984,155.758880615234,372.331359863281,127.246109008789,421.590911865234,318.426513671875,3108.97119140625,292.968078613281,49999.98828125,931.427734375,549.184692382812,242.791091918945,286.88232421875,1625.65869140625,411.6474609375,580.568115234375,92.8617196260347
30.536,191.929901123047,162.317993164062,416.269134521484,135.139373779297,501.103912353516,316.555450439453,5048.71728515625,319.969543457031,49999.98828125,1177.57104492188,721.801391601562,282.348968505859,288.221435546875,2650.05200195312,479.662200927734,671.132019042969,84.7396289076805
30.746,181.664825439453,179.998565673828,581.511596679688,155.481781005859,606.980590820312,347.603668212891,6650.65771484375,416.748138427734,49999.98828125,2095.55029296875,1300.115234375,394.896362304688,246.638580322266,4028.54833984375,550.659057617188,593.846313476562,67.6178110970526
30.847,170.818450927734,174.12760925293,492.811431884766,142.689117431641,581.759216308594,319.318481445312,7076.76171875,437.769836425781,49999.98828125,1570.30334472656,1877.98706054688,435.870697021484,237.465789794922,5785.93115234375,648.750549316406,530.586303710938,58.1674827501876
30.954,192.457702636719,178.956558227539,552.487548828125,148.741851806641,578.146301269531,322.3330078125,10345.8349609375,456.886383056641,49999.98828125,3050.62841796875,2011.80590820312,420.4208984375,238.921463012695,2575.28100585938,582.802856445312,593.122802734375,49.0426743306304
31.061,224.293304443359,203.466018676758,806.966674804688,164.019760131836,592.643615722656,298.382843017578,15573.6123046875,512.333801269531,49999.98828125,3651.78198242188,3699.17138671875,482.317047119141,324.403839111328,3098.29638671875,593.271728515625,618.355834960938,39.4206095910423
31.178,224.93701171875,219.702667236328,729.428466796875,167.097869873047,587.882690429688,339.366271972656,36283.08203125,432.252258300781,49999.98828125,5192.2333984375,4128.4013671875,429.643707275391,527.346313476562,2686.6025390625,658.556030273438,555.256164550781,28.2820859834662
31.288,195.332565307617,226.08154296875,908.695434570312,178.623504638672,588.298706054688,410.640045166016,37673.6640625,431.402282714844,49999.98828125,4666.7509765625,2930.86376953125,365.549530029297,681.187194824219,2145.62768554688,670.804382324219,499.563140869141,18.9303541517317
31.393,231.069625854492,211.712554931641,860.999145507812,197.057952880859,560.264526367188,406.679504394531,33476.5859375,430.313629150391,49999.98828125,3682.08325195312,2189.51831054688,353.001434326172,703.041137695312,1835.61889648438,658.529724121094,469.826080322266,13.9070103557821
31.502,237.477951049805,230.386962890625,947.640930175781,219.954254150391,539.537292480469,426.258697509766,32450.75,414.694030761719,49999.98828125,2926.3828125,2096.02270507812,365.983459472656,684.02783203125,1930.57775878906,453.734069824219,505.419494628906,8.3801626655292
31.721,175.291229248047,162.302871704102,446.671234130859,150.493896484375,441.307373046875,367.83251953125,12173.291015625,289.915100097656,49999.98828125,2207.99462890625,1496.8095703125,244.150543212891,337.493957519531,1015.54821777344,359.754211425781,417.898284912109,7.33886637477978
31.824,167.520263671875,156.495193481445,396.284240722656,150.613555908203,461.789947509766,330.680419921875,11680.51171875,309.063415527344,49999.98828125,2821.49609375,1440.21899414062,240.312744140625,371.232116699219,1147.93090820312,324.506530761719,389.151153564453,11.2126064451911
32.037,190.663009643555,167.446014404297,855.494140625,164.619750976562,502.597473144531,313.419677734375,24130.740234375,343.731628417969,49999.98828125,3461.45947265625,1790.59985351562,354.120147705078,311.507293701172,1588.44604492188,450.69287109375,369.625915527344,31.9554736000613
32.142,194.203842163086,194.897430419922,952.6376953125,175.498626708984,540.91943359375,313.455627441406,12381.556640625,377.907958984375,49999.98828125,3034.98315429688,2277.76806640625,372.590515136719,398.088714599609,3182.47314453125,526.526062011719,395.567810058594,44.5162283949084
32.251,245.440338134766,212.487152099609,1144.49291992188,165.98908996582,621.565734863281,345.616973876953,7724.50244140625,440.648864746094,49999.98828125,1908.94165039062,2071.73217773438,387.729156494141,405.998992919922,3424.46240234375,651.755493164062,599.365356445312,59.2507146572624
32.365,251.957183837891,211.146636962891,818.308288574219,158.683746337891,730.75390625,350.518707275391,6180.89990234375,465.272521972656,49999.98828125,1556.60766601562,1878.90112304688,469.727233886719,359.826965332031,3469.3984375,645.530883789062,661.718627929688,74.5596422348837
32.484,271.154998779297,229.980072021484,615.283081054688,148.574020385742,637.009216308594,423.295349121094,2922.26513671875,387.018249511719,49999.98828125,953.695922851562,891.30712890625,396.984008789062,313.046569824219,2983.46118164062,572.865539550781,951.5107421875,91.07161634392
32.598,266.902648925781,254.27424621582,562.324890136719,147.307266235352,537.473937988281,635.653137207031,2292.34936523438,355.038879394531,49999.98828125,691.545227050781,522.841064453125,345.7587890625,361.769470214844,1947.61291503906,472.239501953125,1203.33984375,103.432648518696
32.707,292.664733886719,274.95166015625,380.932220458984,163.537857055664,402.923492431641,682.922241210938,1300.38854980469,297.738433837891,49999.98828125,580.323120117188,368.477355957031,318.518768310547,513.829040527344,1261.423828125,411.814697265625,1126.23120117188,113.18842453414
32.812,315.563110351562,242.868408203125,288.708648681641,161.921661376953,374.234893798828,632.133117675781,909.368774414062,288.041931152344,49999.98828125,418.65185546875,357.861206054688,304.908447265625,519.98779296875,981.476196289062,395.764739990234,1154.80346679688,120.959034545586
33.026,224.913909912109,140.963531494141,185.067840576172,106.975341796875,238.315475463867,362.195465087891,667.582275390625,202.415191650391,49999.98828125,337.811340332031,207.968780517578,169.767669677734,329.277801513672,603.076293945312,224.926803588867,739.7294921875,123.304312092173
33.13,192.929092407227,178.170257568359,231.684295654297,118.129943847656,248.310516357422,452.341979980469,795.427551269531,200.112976074219,49999.98828125,496.306304931641,285.504547119141,224.390106201172,366.039794921875,802.495910644531,261.974853515625,676.065551757812,121.10865
33.231,240.801666259766,175.631195068359,300.95166015625,125.682601928711,291.167785644531,497.397705078125,1245.64929199219,220.389282226562,49999.98828125,587.112670898438,298.238922119141,235.216064453125,360.813751220703,1220.23461914062,337.044616699219,545.071166992188,116.184747516462
33.337,229.882034301758,182.386215209961,339.285522460938,123.314292907715,366.219116210938,561.156433105469,2155.44921875,269.11376953125,49999.98828125,614.509765625,332.229888916016,236.045928955078,305.958435058594,1581.29797363281,376.698120117188,574.793640136719,110.394209401352
33.443,251.146926879883,211.980499267578,376.006042480469,134.331634521484,417.477355957031,576.278503417969,2996.71557617188,404.665893554688,49999.98828125,960.42333984375,456.435729980469,255.425659179688,317.223449707031,2361.00708007812,446.106750488281,689.32177734375,104.131622950568
33.55,233.868453979492,212.185134887695,457.517913818359,143.33024597168,580.068481445312,494.99169921875,4382.9716796875,414.363677978516,49999.98828125,1231.25939941406,657.858032226562,330.555480957031,349.510589599609,2926.31640625,540.475891113281,874.435668945312,95.6744999999994
33.658,198.300140380859,226.150238037109,563.992492675781,146.873199462891,664.656127929688,484.528625488281,6034.3505859375,495.188873291016,49999.98828125,1807.76403808594,879.610961914062,380.516052246094,427.809478759766,3081.87451171875,591.993591308594,766.138854980469,84.942538330632
33.763,217.985107421875,239.802291870117,578.76806640625,154.58837890625,747.948913574219,428.528259277344,8132.41552734375,536.743103027344,49999.98828125,1924.46362304688,1321.20446777344,435.226318359375,468.985748291016,3806.00537109375,660.190063476562,784.838623046875,73.7140339058804
33.872,228.444122314453,242.706939697266,700.711853027344,160.14289855957,761.995361328125,438.379943847656,7221.47412109375,513.289489746094,49999.98828125,1979.73706054688,2261.66088867188,473.172790527344,447.702484130859,4940.4345703125,737.410827636719,750.575256347656,61.3715608761875
33.98,233.212448120117,239.953125,658.632202148438,160.188018798828,682.681335449219,453.044128417969,16550.515625,576.760498046875,49999.98828125,4580.67578125,2782.70166015625,515.148010253906,424.913665771484,3436.46630859375,719.483825683594,685.848449707031,48.0932299999991
34.084,275.048645019531,240.700927734375,779.381469726562,193.972198486328,755.916442871094,467.521179199219,29170.80078125,484.389068603516,49999.98828125,6087.92578125,3261.38623046875,506.400482177734,462.613342285156,4017.443359375,722.660766601562,733.424987792969,35.6110652902228
34.19,280.513854980469,244.734817504883,835.929870605469,209.181106567383,759.535400390625,479.376403808594,28918.396484375,459.574279785156,49999.98828125,5810.041015625,3299.6015625,466.156158447266,614.560607910156,3143.83056640625,684.098327636719,728.335083007812,23.80151
34.304,231.953201293945,258.765319824219,1063.62036132812,230.489944458008,701.908325195312,531.541198730469,36767.5390625,421.654205322266,49999.98828125,3623.43090820312,2346.03564453125,443.587890625,589.602905273438,2823.12451171875,651.172180175781,703.641052246094,13.319011680372
34.41,241.523590087891,249.004348754883,977.51953125,219.618194580078,606.935119628906,473.443908691406,38081.73828125,404.317626953125,49999.98828125,2361.75756835938,1811.15954589844,378.168518066406,544.617858886719,1781.23474121094,515.171081542969,667.948547363281,7.05117999999976
34.514,213.55485534668,213.712936401367,642.542602539062,190.41716003418,467.042877197266,447.787200927734,28526.390625,336.688232421875,49999.98828125,2079.19653320312,1646.60229492188,286.219421386719,488.716156005859,1624.32482910156,444.969573974609,631.74365234375,6.41154501496632
34.618,198.920166015625,198.601593017578,520.969360351562,160.932327270508,505.837982177734,426.089904785156,8733.5107421875,339.598266601562,49999.98828125,2474.6572265625,1331.91296386719,273.287872314453,428.042083740234,1294.40405273438,393.114685058594,580.576049804688,8.86682121957667
34.723,200.572463989258,171.381561279297,508.634857177734,166.77978515625,581.342956542969,383.952026367188,20568.359375,375.114624023438,49999.98828125,2856.30053710938,1613.55822753906,293.514526367188,439.952819824219,1605.08984375,499.521881103516,531.594787597656,16.4041337140597
34.829,210.82763671875,184.972244262695,793.805297851562,171.585083007812,558.632080078125,349.388031005859,27792.57421875,371.105163574219,49999.98828125,4986.1015625,1811.91333007812,374.069641113281,460.407531738281,2323.98681640625,503.311950683594,473.38134765625,28.1101602302612
35.055,200.758148193359,217.814575195312,1046.60424804688,165.215179443359,660.015014648438,401.287536621094,7038.0859375,459.900695800781,49999.98828125,2009.33361816406,2202.77392578125,425.933013916016,479.320007324219,4658.05859375,697.361572265625,744.376953125,61.3497197875716
35.17,254.108032226562,224.948486328125,780.756469726562,163.132858276367,686.408630371094,354.055267333984,5606.9423828125,528.181762695312,49999.98828125,1412.80126953125,1662.75744628906,430.99072265625,369.360015869141,3764.12646484375,631.837646484375,839.80029296875,76.1547
35.286,242.618682861328,203.589431762695,696.700927734375,155.742080688477,657.658874511719,403.636627197266,3128.51806640625,417.593414306641,49999.98828125,822.2236328125,957.721557617188,361.188110351562,474.051666259766,3822.09765625,552.464782714844,849.281616210938,88.4457736095054
35.393,259.717864990234,227.17529296875,534.455688476562,156.012969970703,553.966003417969,480.302886962891,2421.82421875,339.256652832031,49999.98828125,733.421997070312,568.399597167969,368.428649902344,412.7998046875,2241.78955078125,490.03857421875,941.4033203125,97.8455281712793
35.506,267.791595458984,220.884643554688,386.713684082031,152.011932373047,415.389831542969,494.679840087891,1585.71655273438,283.802307128906,49999.98828125,489.151184082031,410.016662597656,262.792358398438,405.274749755859,1351.08947753906,400.133178710938,1084.98608398438,105.440246872299
35.719,191.054702758789,160.696136474609,196.76969909668,113.351417541504,244.15592956543,309.637878417969,815.225280761719,180.275421142578,49999.98828125,377.738311767578,211.6669921875,160.858322143555,271.363586425781,690.098999023438,255.818969726562,611.877319335938,111.842210358101
35.821,166.250701904297,136.822418212891,197.918609619141,109.545875549316,238.765625,318.890045166016,950.406066894531,191.242736816406,49999.98828125,445.673095703125,240.291778564453,163.166656494141,216.387786865234,758.951904296875,253.286911010742,551.781616210938,110.503655560237
35.921,198.343246459961,158.220138549805,287.21728515625,119.525230407715,321.190124511719,381.702026367188,1793.86791992188,221.201934814453,49999.98828125,593.587646484375,300.968505859375,193.075927734375,239.899169921875,1196.71813964844,330.483032226562,543.025756835938,106.866425899317
36.024,208.221282958984,169.005355834961,345.134613037109,128.038818359375,397.391784667969,389.14599609375,2426.64111328125,261.704406738281,49999.98828125,794.444396972656,451.162414550781,238.051391601562,285.415435791016,1740.466796875,391.150634765625,621.976196289062,99.4954755262948
36.131,219.6337890625,181.533462524414,408.881652832031,130.998031616211,447.082946777344,328.099639892578,3249.42504882812,275.495391845703,49999.98828125,1056.68872070312,673.411254882812,252.093994140625,261.864593505859,2110.47338867188,446.901672363281,609.372680664062,91.0907746218375
36.237,183.976898193359,170.276657104492,479.72900390625,134.973068237305,483.079437255859,343.296447753906,4656.9228515625,328.386535644531,49999.98828125,1265.31091308594,723.954711914062,265.527404785156,249.699981689453,2206.697265625,471.728210449219,621.177368164062,83.9389645779108
36.344,180.68489074707,168.861343383789,510.596832275391,145.036560058594,502.175842285156,345.933654785156,3944.63208007812,459.549743652344,49999.98828125,1701.9609375,864.071472167969,299.740539550781,339.175811767578,2498.63916015625,480.537292480469,661.2734375,78.0412073624883
36.452,191.777679443359,200.053253173828,527.405334472656,155.08137512207,583.315063476562,366.647521972656,6813.8876953125,412.60107421875,49999.98828125,2110.75366210938,1208.44006347656,359.167297363281,285.802520751953,4725.1220703125,580.533020019531,826.194519042969,70.4535043425135
36.671,210.91374206543,215.756561279297,732.958618164062,164.014007568359,674.777648925781,391.951324462891,16561.279296875,464.580749511719,49999.98828125,3665.72534179688,2597.04858398438,508.177551269531,282.331512451172,4085.39892578125,648.488952636719,661.151184082031,47.2882111565629
36.893,182.569366455078,230.252243041992,801.567932128906,193.232574462891,621.445556640625,395.483856201172,31656.712890625,432.483093261719,49999.98828125,5242.62353515625,2889.69677734375,438.359954833984,582.874755859375,2572.13989257812,791.594909667969,541.84765625,23.287982614921
37.006,230.624298095703,242.176834106445,1115.75854492188,227.636474609375,629.053527832031,492.577239990234,43336.640625,441.781829833984,49999.98828125,5289.1630859375,2667.75244140625,474.573089599609,670.533935546875,2959.75048828125,941.102355957031,560.495056152344,13.6483877799797
37.125,254.682647705078,250.524124145508,819.833862304688,256.270111083984,606.885070800781,430.12548828125,35003.10546875,392.539733886719,49999.98828125,3323.37109375,2191.05346679688,407.038940429688,554.214233398438,1689.34106445312,586.712524414062,699.263122558594,3.8281117761886
37.228,206.410919189453,198.802459716797,583.541076660156,186.461151123047,430.401672363281,359.748596191406,25337.845703125,352.756225585938,49999.98828125,1938.1123046875,1649.95153808594,313.522521972656,464.113128662109,1164.61010742188,442.600982666016,547.154174804688,5.00344682487402
37.332,169.631622314453,199.613525390625,482.757019042969,189.150726318359,397.487701416016,326.713928222656,12393.8525390625,323.504821777344,49999.98828125,1670.16137695312,1524.43151855469,282.929260253906,431.453796386719,1021.2998046875,398.369323730469,505.103607177734,3.98163714706165
37.432,186.450286865234,175.595825195312,426.789001464844,162.338104248047,362.151428222656,301.441009521484,7550.4931640625,299.680908203125,49999.98828125,1248.23779296875,1241.77514648438,247.684158325195,388.894195556641,985.635375976562,345.671936035156,461.325012207031,4.84262139726168
37.536,150.880767822266,156.755645751953,410.814392089844,160.889785766602,426.626068115234,317.409057617188,17955.56640625,289.420959472656,49999.98828125,2156.15576171875,1377.06921386719,271.563385009766,399.0791015625,914.650024414062,388.441101074219,479.703125,5.02953431501047
37.638,175.056243896484,151.588455200195,462.033843994141,167.288833618164,515.622253417969,302.302795410156,11107.380859375,300.365478515625,49999.98828125,3578.11279296875,1926.40551757812,285.856567382812,407.706848144531,1075.93530273438,481.562561035156,439.524169921875,11.5944769553249
37.743,196.776153564453,156.906494140625,713.687805175781,172.244110107422,543.709167480469,366.726959228516,24758.70703125,343.834503173828,49999.98828125,3840.88598632812,2013.26037597656,353.601593017578,389.895935058594,1405.56762695312,531.077392578125,424.608978271484,21.2879580063513
37.852,214.800216674805,184.472930908203,1013.36975097656,174.750747680664,520.6123046875,384.593475341797,29240.099609375,356.340148925781,49999.98828125,3724.154296875,2025.00231933594,414.418609619141,459.105560302734,2920.42919921875,513.596496582031,496.478332519531,35.357220800173
37.964,223.638702392578,210.973876953125,1215.24743652344,181.957077026367,611.091003417969,371.69384765625,14022.240234375,433.006164550781,49999.98828125,2561.2158203125,2430.50463867188,431.685241699219,519.963989257812,4818.16259765625,688.698852539062,527.92822265625,50.9213714825729
38.073,204.27734375,232.501754760742,870.055358886719,168.048614501953,668.726135253906,449.26513671875,5771.54150390625,543.359985351562,49999.98828125,1874.16076660156,2196.77465820312,488.443756103516,397.150054931641,3638.51049804688,694.459838867188,714.341857910156,67.6785458297713
38.191,267.953704833984,234.854934692383,748.436340332031,156.041305541992,723.870300292969,480.638031005859,4340.0419921875,467.106353759766,49999.98828125,1150.3056640625,1249.75158691406,435.200256347656,312.004333496094,3479.26416015625,603.241760253906,972.456909179688,84.5294782879216
38.305,288.192932128906,251.722244262695,599.5546875,148.555206298828,598.794799804688,545.023132324219,2511.5986328125,347.515686035156,49999.98828125,851.760437011719,632.950256347656,389.514129638672,373.020782470703,2491.94409179688,499.466979980469,1102.39770507812,98.3950111942621
38.42,285.200500488281,276.735931396484,423.516052246094,158.782653808594,448.717437744141,629.518737792969,1635.78100585938,331.084808349609,49999.98828125,632.2890625,390.922576904297,328.602111816406,434.755065917969,1394.51599121094,423.682769775391,1267.56567382812,109.57433
38.529,289.470886230469,260.877990722656,305.641052246094,151.302658081055,370.521636962891,630.029846191406,944.156372070312,249.171920776367,49999.98828125,439.443939208984,335.634368896484,272.313415527344,507.024993896484,973.411315917969,378.365814208984,1189.20471191406,117.944534178037
38.741,195.191101074219,100.617027282715,193.176345825195,91.0950164794922,230.561492919922,377.895324707031,512.358215332031,180.54313659668,49999.98828125,253.515472412109,167.795562744141,147.627731323242,325.953887939453,482.927398681641,210.747970581055,828.105346679688,124.307570718658
38.844,199.65950012207,118.110549926758,174.550689697266,107.855690002441,218.289474487305,330.330993652344,599.546203613281,154.565521240234,49999.98828125,339.592864990234,183.556182861328,156.304168701172,354.035949707031,487.466796875,206.52766418457,676.076782226562,123.123457926822
39.052,233.512252807617,197.264999389648,368.139312744141,125.978149414062,325.667572021484,561.424133300781,2123.90991210938,252.120483398438,49999.98828125,662.435852050781,378.74560546875,237.458297729492,346.991058349609,1445.1220703125,376.837158203125,701.239440917969,114.30496209092
39.16,261.016662597656,203.824203491211,413.229187011719,140.812454223633,436.005950927734,523.996337890625,2909.08642578125,348.428894042969,49999.98828125,997.211547851562,539.790588378906,276.598785400391,355.498657226562,2274.85302734375,493.025939941406,826.294128417969,105.25565
39.267,250.751495361328,215.192047119141,519.017517089844,148.777877807617,580.731140136719,544.670654296875,5533.8974609375,392.307464599609,49999.98828125,1318.12963867188,829.658386230469,348.506317138672,325.259094238281,2892.08544921875,556.591857910156,872.355285644531,94.1305856018766
39.379,233.222534179688,224.808258056641,605.732788085938,147.679107666016,656.791137695312,431.533935546875,4932.1005859375,445.0205078125,49999.98828125,1572.78942871094,1132.94506835938,352.594573974609,382.122344970703,2942.25390625,626.811767578125,843.392883300781,81.6581874235862
39.599,216.886932373047,222.700317382812,669.39794921875,154.485046386719,713.859130859375,446.368103027344,8680.119140625,522.439208984375,49999.98828125,2897.1474609375,1850.20056152344,494.16162109375,357.783386230469,4598.8125,688.670166015625,658.937805175781,58.7621528303245
39.935,187.941741943359,249.028198242188,772.642883300781,202.105133056641,707.63427734375,407.711395263672,37535.9609375,523.178833007812,49999.98828125,4053.47314453125,2520.68798828125,434.546569824219,619.944213867188,3002.3193359375,737.20703125,613.059814453125,22.1086768616925
40.049,217.311920166016,232.833862304688,846.4130859375,211.327346801758,668.794128417969,447.095275878906,49999.98828125,476.596832275391,49999.98828125,3858.087890625,2282.0751953125,391.957458496094,418.816986083984,2398.82836914062,1091.798828125,573.509033203125,14.2835727743522
40.163,243.805130004883,248.401657104492,956.524719238281,222.639068603516,569.032165527344,517.654602050781,28699.48828125,421.067047119141,49999.98828125,2453.52294921875,1817.19177246094,414.885162353516,541.659301757812,1901.12854003906,665.694641113281,683.71435546875,6.64585065690788
40.27,224.874267578125,211.116546630859,622.736511230469,180.927764892578,476.586761474609,422.155578613281,29008.416015625,356.458435058594,49999.98828125,1649.34741210938,1542.99829101562,288.846374511719,460.523681640625,1355.412109375,470.646636962891,610.566711425781,5.9782099999999
40.374,204.544952392578,177.48258972168,520.646789550781,163.658798217773,532.213684082031,358.729797363281,10532.7041015625,353.401184082031,49999.98828125,2530.537109375,1308.02099609375,266.400054931641,432.233337402344,1200.26586914062,380.612152099609,569.720642089844,8.46725895201812
40.584,148.505249023438,180.976806640625,807.903015136719,170.792022705078,495.589111328125,436.840393066406,22500.26953125,406.931579589844,49999.98828125,5284.5537109375,1885.28552246094,387.016571044922,361.985778808594,2039.63635253906,457.889739990234,504.316497802734,26.7694998065398
40.693,224.118743896484,211.711639404297,1132.56604003906,179.738037109375,536.567932128906,422.927001953125,18476.58984375,385.825225830078,49999.98828125,4524.58154296875,2169.873046875,438.203704833984,415.097412109375,3413.27465820312,512.324401855469,503.635986328125,41.8322899032455
40.81,247.916961669922,205.863616943359,860.636108398438,168.352661132812,610.855163574219,425.446105957031,9315.353515625,447.247894287109,49999.98828125,2462.05712890625,1991.55627441406,440.558776855469,440.423095703125,5045.0615234375,647.671325683594,709.921508789062,57.51646
40.923,232.453170776367,228.614044189453,776.082214355469,165.924591064453,602.779724121094,442.898193359375,6510.96240234375,539.984313964844,49999.98828125,1532.63159179688,1832.33325195312,459.833892822266,336.777587890625,3930.951171875,650.634155273438,855.7294921875,71.1490981053107
41.037,261.812194824219,238.203536987305,693.239013671875,160.059371948242,653.289978027344,395.964660644531,4163.4228515625,499.630859375,49999.98828125,1053.76538085938,1063.79479980469,411.546142578125,275.980712890625,3803.31762695312,614.296447753906,853.796508789062,83.2587202581032
41.26,257.46142578125,267.1826171875,494.148040771484,147.253173828125,471.408630371094,607.573120117188,2058.42333984375,296.046600341797,49999.98828125,570.304870605469,439.914611816406,316.429992675781,406.759124755859,1976.26831054688,435.110260009766,1167.86083984375,104.32173
41.369,202.771530151367,230.383697509766,311.350402832031,136.421722412109,343.061584472656,436.202331542969,1098.02941894531,241.998687744141,49999.98828125,448.773284912109,274.288024902344,215.455902099609,330.639709472656,1109.72875976562,323.210784912109,832.664367675781,110.492579376154
41.473,171.333160400391,179.294784545898,242.982711791992,122.723083496094,259.044616699219,306.838348388672,947.686218261719,181.241180419922,49999.98828125,457.265960693359,243.248947143555,172.893646240234,237.349411010742,828.028930664062,250.110794067383,600.672424316406,110.812652202559
41.575,194.484756469727,160.417022705078,308.067291259766,117.927505493164,284.597412109375,295.849792480469,1362.97290039062,185.324905395508,49999.98828125,581.14697265625,322.418640136719,200.269912719727,234.9287109375,1153.55065917969,287.822174072266,520.671936035156,107.26251434892
41.677,209.418914794922,173.963348388672,357.59619140625,126.537796020508,363.700256347656,351.842132568359,2401.22412109375,266.919769287109,49999.98828125,693.356323242188,426.878997802734,224.87255859375,310.390319824219,1665.4453125,371.034698486328,528.73681640625,100.95825931778
41.781,204.55143737793,176.535354614258,402.746337890625,126.955993652344,464.163513183594,411.292663574219,3504.86401367188,302.526794433594,49999.98828125,986.59375,595.639343261719,280.550018310547,329.808197021484,2067.58471679688,439.696960449219,682.251098632812,93.1821488790307
41.887,188.789291381836,175.736846923828,528.699890136719,135.830169677734,528.001342773438,354.797027587891,6036.0888671875,383.365966796875,49999.98828125,1390.01953125,830.893859863281,321.217956542969,383.960876464844,2370.09790039062,524.370483398438,634.804321289062,84.4609858769647
41.993,176.54167175293,197.116333007812,562.937072753906,150.420608520508,562.701049804688,345.573791503906,5764.353515625,419.653717041016,49999.98828125,1699.5234375,1253.90356445312,362.3251953125,385.136322021484,3495.52807617188,560.017944335938,729.409545898438,75.5314356561461
42.103,173.08024597168,208.191314697266,665.7275390625,156.101226806641,614.427856445312,370.820159912109,7076.4697265625,478.032135009766,49999.98828125,1987.79614257812,1630.98498535156,436.511962890625,378.182556152344,6448.5400390625,671.430725097656,591.224914550781,65.1262947780294
42.539,209.809295654297,240.250335693359,872.24267578125,218.98762512207,725.759643554688,438.514251708984,39827.8984375,452.407897949219,49999.98828125,5269.90771484375,2860.67529296875,474.413665771484,583.993469238281,2548.46728515625,10563.267578125,620.85791015625,14.7277242655699
42.656,245.489990234375,236.497039794922,751.72021484375,222.778564453125,569.159301757812,484.021881103516,22619.04296875,382.853210449219,49999.98828125,3010.60302734375,2131.7822265625,396.574401855469,393.430480957031,1832.94360351562,528.637329101562,612.97265625,5.40079941652201
42.761,214.162551879883,235.051361083984,507.636077880859,199.931106567383,439.49365234375,416.815582275391,27548.650390625,355.358459472656,49999.98828125,1545.27514648438,1944.7294921875,363.069030761719,366.727844238281,1630.8564453125,476.4638671875,572.387329101562,4.50299483059372
42.969,182.521545410156,205.18017578125,394.256439208984,158.648895263672,383.537414550781,410.354095458984,10729.376953125,291.423950195312,49999.98828125,1179.97094726562,1128.87744140625,299.166168212891,402.859558105469,1216.46118164062,458.150695800781,494.563537597656,2.32413522215321
43.077,140.692306518555,181.26676940918,367.826232910156,152.245819091797,369.217468261719,400.21484375,8433.4541015625,280.878997802734,49999.98828125,957.38623046875,1094.08898925781,276.540649414062,449.441497802734,1093.47094726562,412.43212890625,481.585754394531,2.84427133746806
43.279,170.604110717773,164.308685302734,352.997375488281,147.972717285156,344.906036376953,366.099548339844,5798.6689453125,259.040069580078,49999.98828125,1037.75561523438,1069.66577148438,230.242462158203,428.054290771484,905.005554199219,331.301177978516,442.813568115234,2.1430265334572
43.386,164.80305480957,152.354873657227,333.372222900391,144.331985473633,334.287658691406,333.498352050781,3622.26293945312,273.606506347656,49999.98828125,971.66064453125,947.684265136719,227.8642578125,421.966003417969,833.51611328125,328.876251220703,430.036285400391,1.99679651400124
43.487,157.873748779297,149.651977539062,313.625061035156,142.23095703125,340.108581542969,335.789215087891,4006.92065429688,263.172790527344,49999.98828125,1242.51391601562,867.719909667969,218.139617919922,428.621032714844,847.5927734375,336.642791748047,425.092834472656,2.11939057995292
43.589,151.551315307617,146.879547119141,281.48828125,138.509414672852,311.8642578125,311.096923828125,4450.865234375,262.214050292969,49999.98828125,939.170043945312,802.178344726562,210.555908203125,410.955657958984,786.346313476562,323.690734863281,394.143371582031,2.22570828313424
43.689,152.550582885742,144.422698974609,279.560821533203,135.891815185547,287.436126708984,288.371398925781,4650.2724609375,259.437072753906,49999.98828125,871.46044921875,911.268859863281,202.484359741211,361.923522949219,782.342102050781,312.067047119141,385.263122558594,2.09830397268928
43.789,153.856842041016,141.420440673828,277.477172851562,136.925643920898,294.016754150391,295.52197265625,6148.2890625,258.206726074219,49999.98828125,920.603881835938,852.871459960938,204.260467529297,344.183166503906,698.240417480469,311.720153808594,374.847106933594,2.05566701129789
43.996,142.967880249023,133.03092956543,271.794616699219,137.638900756836,279.843566894531,300.215850830078,6143.66015625,248.553924560547,49999.98828125,885.589660644531,702.16650390625,197.656707763672,280.546752929688,746.804931640625,295.407470703125,361.466003417969,1.57780953908899
44.097,148.025009155273,135.972442626953,254.929397583008,137.928070068359,304.942565917969,322.687561035156,8911.759765625,236.013137817383,49999.98828125,896.404663085938,630.624877929688,187.725677490234,300.044067382812,751.4169921875,283.113006591797,348.671569824219,1.20388989810684
44.199,147.514007568359,127.867408752441,266.244201660156,137.883941650391,286.186950683594,328.214874267578,5285.35546875,223.810302734375,49999.98828125,821.462707519531,627.678527832031,188.950164794922,284.047546386719,730.641479492188,281.132904052734,346.188812255859,0.823190611932041
44.404,124.163673400879,127.563621520996,261.642578125,132.73567199707,256.586364746094,291.676025390625,4359.92333984375,206.969192504883,49999.98828125,638.048645019531,636.834655761719,168.26887512207,263.709228515625,679.395141601562,277.893493652344,331.479675292969,0.684058041273877
44.505,142.956817626953,123.984939575195,256.993713378906,128.72428894043,242.272979736328,286.414794921875,4418.71240234375,203.199264526367,49999.98828125,598.232116699219,661.759643554688,162.879684448242,256.573333740234,704.412231445312,271.824005126953,337.919921875,0.832706965752625
44.607,147.25114440918,122.448791503906,249.663131713867,125.109313964844,233.125885009766,254.788162231445,5803.47216796875,175.610504150391,49999.98828125,655.280944824219,657.726806640625,161.304733276367,257.453186035156,679.878173828125,263.499267578125,354.224426269531,1.28912799108451
44.81,138.552368164062,121.023071289062,238.409591674805,119.39274597168,223.980255126953,238.26904296875,4292.5166015625,166.145965576172,49999.98828125,520.689575195312,628.595764160156,154.524459838867,272.086944580078,631.131774902344,244.666656494141,333.026031494141,1.70751
44.914,136.839721679688,121.956642150879,247.905029296875,119.196243286133,216.226486206055,235.055023193359,3282.55517578125,161.583648681641,49999.98828125,489.249694824219,647.986206054688,151.405563354492,270.989318847656,624.370971679688,242.353668212891,325.740234375,1.74426127622672
45.014,136.761932373047,121.763893127441,249.876266479492,117.202598571777,213.226638793945,230.98323059082,2398.96997070312,168.979064941406,49999.98828125,478.758636474609,625.802673339844,148.307907104492,264.033294677734,579.149963378906,240.720260620117,317.588226318359,1.91406077228676
45.215,132.735534667969,119.658493041992,209.941162109375,117.735694885254,207.621551513672,210.688766479492,4174.93505859375,169.312789916992,49999.98828125,485.819030761719,582.59375,144.461456298828,266.156311035156,569.52001953125,231.797729492188,290.065216064453,1.54933956706873
45.317,130.795776367188,118.694602966309,225.280151367188,116.516296386719,204.695297241211,206.717483520508,3519.82421875,165.267608642578,49999.98828125,480.476806640625,552.597839355469,141.004791259766,262.769378662109,560.922241210938,235.73828125,298.383087158203,1.60120885863444
45.418,114.617446899414,117.128051757812,216.310836791992,115.344284057617,202.383102416992,203.602325439453,3712.71752929688,163.328491210938,49999.98828125,448.151275634766,544.322204589844,137.839324951172,266.394683837891,549.856994628906,230.498809814453,296.884094238281,1.66529649506336
45.619,128.568237304688,114.065170288086,206.962326049805,116.402137756348,205.755935668945,203.062911987305,4062.54956054688,164.700225830078,49999.98828125,440.751892089844,553.108337402344,140.528656005859,265.223205566406,529.192504882812,230.738372802734,293.774963378906,1.69518467527494
45.72,128.68571472168,109.187660217285,207.014282226562,116.326942443848,202.339569091797,208.662521362305,3351.1328125,160.193878173828,49999.98828125,437.636322021484,535.011352539062,140.150482177734,267.097534179688,560.782836914062,228.407073974609,288.336364746094,1.8116
45.823,128.891662597656,112.239219665527,203.193832397461,110.255653381348,195.765640258789,203.248413085938,2667.55444335938,157.315826416016,49999.98828125,401.760986328125,561.028503417969,134.133987426758,266.353973388672,541.0439453125,224.899490356445,290.809631347656,1.71415070979032
46.029,110.581077575684,111.465347290039,195.176422119141,110.338584899902,213.721343994141,231.341583251953,3274.70556640625,149.605758666992,49999.98828125,405.607513427734,603.168823242188,144.872222900391,274.837249755859,541.241333007812,238.551910400391,302.570159912109,1.45564713264636
46.129,126.321571350098,109.934310913086,186.061614990234,113.881980895996,227.043411254883,236.001907348633,3797.90087890625,156.344802856445,49999.98828125,406.485290527344,567.735534667969,143.77864074707,273.692932128906,562.310424804688,230.153884887695,309.527984619141,1.39090285312618
46.234,124.561561584473,109.596534729004,178.186553955078,117.900253295898,247.158050537109,244.03369140625,3152.01904296875,161.073638916016,49999.98828125,483.531005859375,645.8466796875,149.316284179688,290.127502441406,551.582153320312,227.623611450195,294.567138671875,1.39018830614552
46.336,122.860214233398,109.78498840332,174.250518798828,122.077285766602,266.445922851562,247.247161865234,3944.646484375,158.01025390625,49999.98828125,596.897033691406,670.256530761719,147.403472900391,300.786590576172,538.446350097656,225.679351806641,285.601287841797,1.40418745338609
46.436,122.820434570312,110.983505249023,167.891708374023,120.86296081543,273.865661621094,259.480529785156,4303.91455078125,151.201522827148,49999.98828125,1590.71264648438,606.241882324219,151.361358642578,271.698547363281,537.951049804688,221.37223815918,274.345031738281,1.41228752459712
46.54,122.388160705566,112.462036132812,165.660690307617,123.814865112305,275.559265136719,254.072875976562,3698.40307617188,150.700485229492,49999.98828125,1675.69897460938,650.915832519531,149.521575927734,275.871734619141,539.802124023438,224.937454223633,272.262634277344,1.4562
46.641,119.352462768555,114.327133178711,169.623596191406,127.028953552246,269.981170654297,253.667922973633,4956.88427734375,157.047439575195,49999.98828125,1574.69299316406,631.726684570312,149.547317504883,269.712158203125,551.471801757812,224.368850708008,279.937133789062,1.48905965631367
46.744,117.282470703125,113.591087341309,174.604858398438,128.584915161133,298.529296875,281.052459716797,12912.263671875,144.731658935547,49999.98828125,2462.28955078125,557.072387695312,143.837860107422,259.293151855469,524.149230957031,216.845581054688,272.130615234375,1.48983086766841
46.844,117.439674377441,107.743453979492,185.128845214844,127.65030670166,288.740509033203,278.542236328125,7737.4306640625,153.571807861328,49999.98828125,4355.9658203125,534.659362792969,142.300140380859,239.417892456055,529.875610351562,215.910980224609,267.968536376953,1.44474610581807
46.952,118.9521484375,110.399917602539,170.467315673828,122.408203125,276.354583740234,273.718353271484,7820.421875,154.034271240234,49999.98828125,2324.91064453125,595.570495605469,148.506134033203,249.323394775391,473.948547363281,214.772262573242,266.709289550781,1.47934121721433
47.06,112.996971130371,101.234939575195,153.011260986328,112.131553649902,245.010406494141,231.113983154297,5155.64013671875,145.759490966797,49999.98828125,1106.94934082031,512.466369628906,125.93635559082,219.43669128418,422.294586181641,213.597198486328,255.81379699707,1.5151
47.166,108.036155700684,100.780410766602,151.369934082031,104.708618164062,225.000534057617,243.52082824707,3113.10961914062,144.565063476562,49999.98828125,1637.91857910156,488.320404052734,126.770652770996,251.538055419922,397.842559814453,225.076812744141,260.155364990234,1.5106717119564
47.268,102.574279785156,99.2545700073242,153.634887695312,99.3354949951172,219.206420898438,229.761993408203,3501.56884765625,156.663238525391,49999.98828125,4154.0380859375,481.028961181641,130.653915405273,261.427886962891,409.316467285156,228.9716796875,269.253784179688,1.44962573711696
47.373,107.903038024902,97.4964752197266,149.54296875,109.965354919434,251.594635009766,263.554992675781,6205.09228515625,166.507843017578,49999.98828125,2724.91748046875,461.575836181641,131.644134521484,235.198318481445,393.477569580078,238.009246826172,257.977783203125,1.43841747364806
47.477,118.765365600586,100.449447631836,160.456115722656,116.995872497559,262.398162841797,298.236999511719,4241.7041015625,192.265502929688,49999.98828125,1673.94860839844,517.874389648438,128.010620117188,240.141143798828,397.868927001953,237.225830078125,256.444793701172,1.40888140464429
47.584,118.620040893555,100.448471069336,165.627090454102,114.975784301758,266.996154785156,272.837341308594,3019.56787109375,190.571746826172,49999.98828125,1076.85388183594,496.214111328125,123.295677185059,226.383590698242,394.395568847656,235.579544067383,263.057556152344,1.35696987894445
47.684,109.731948852539,95.5600433349609,154.527404785156,105.282363891602,245.805084228516,247.623809814453,2797.3173828125,181.627777099609,49999.98828125,1535.14331054688,435.050689697266,118.281517028809,215.992401123047,357.876220703125,226.275192260742,253.637985229492,1.36444473182536
47.786,109.268371582031,96.8721542358398,156.242630004883,108.4677734375,238.543060302734,229.065505981445,7906.7607421875,186.697494506836,49999.98828125,5361.57470703125,453.947448730469,116.104347229004,230.010986328125,391.220550537109,223.469680786133,240.174728393555,1.51272579892005
47.893,116.487350463867,98.352180480957,159.558029174805,104.152603149414,226.251556396484,221.949920654297,7645.07275390625,169.461578369141,49999.98828125,776.703491210938,441.927429199219,114.928207397461,228.57829284668,426.532379150391,212.068481445312,230.100311279297,1.58784530773856
47.994,113.0185546875,97.0085067749023,155.602310180664,98.8900604248047,218.262298583984,214.331619262695,6001.54345703125,164.838943481445,49999.98828125,767.821411132812,428.247131347656,113.91463470459,227.93669128418,404.962677001953,207.872360229492,229.444427490234,1.58388311095309
48.094,111.064552307129,96.0771026611328,154.430358886719,96.5616302490234,215.941772460938,206.581130981445,4851.5166015625,165.263458251953,49999.98828125,709.703002929688,438.585845947266,114.253524780273,222.753372192383,381.787872314453,207.734100341797,227.225433349609,1.57929881216421
48.194,113.28010559082,94.6231231689453,152.739486694336,96.3577423095703,209.73518371582,203.334579467773,4495.59765625,161.391235351562,49999.98828125,709.471984863281,393.406799316406,113.241455078125,220.030395507812,382.580108642578,203.556396484375,227.125823974609,1.57658896838197
48.295,112.312683105469,93.6621551513672,149.082611083984,96.1949310302734,208.383697509766,199.60090637207,3686.06591796875,157.400665283203,49999.98828125,735.0048828125,389.222076416016,112.460388183594,218.609771728516,365.763977050781,203.012237548828,225.804718017578,1.48847534349336
48.395,111.019409179688,93.0264739990234,146.916381835938,96.0748825073242,205.064605712891,197.262329101562,3779.85815429688,156.948089599609,49999.98828125,739.27978515625,405.381256103516,111.351036071777,216.779083251953,359.787231445312,201.837356567383,224.783294677734,1.50702267394884
48.495,109.114868164062,92.2298049926758,147.326721191406,95.4277496337891,200.498031616211,198.135848999023,3777.96997070312,154.785308837891,49999.98828125,715.792236328125,396.664489746094,111.90559387207,218.186325073242,348.281372070312,200.894256591797,224.444244384766,1.55797536728166
48.597,109.02815246582,87.1944961547852,146.326843261719,94.1025543212891,196.332489013672,195.982620239258,3093.60327148438,154.336334228516,49999.98828125,714.139038085938,411.05419921875,111.682838439941,217.761672973633,337.959381103516,200.402267456055,223.233520507812,1.53379861841339
48.697,106.308815002441,91.2006530761719,145.635055541992,93.4224395751953,195.458206176758,190.545303344727,2404.50268554688,155.773086547852,49999.98828125,680.247741699219,441.56396484375,111.12971496582,217.668502807617,342.616119384766,198.933746337891,222.752593994141,1.52993719461905
48.797,103.762733459473,90.4524841308594,144.851013183594,93.5069351196289,196.643096923828,180.947769165039,2019.69567871094,153.178741455078,49999.98828125,658.711975097656,446.957183837891,109.65145111084,215.752029418945,338.258605957031,198.888610839844,220.456085205078,1.54435905769871
48.999,93.8247299194336,90.2183609008789,144.25032043457,91.4374923706055,193.5048828125,176.659957885742,1968.13513183594,149.171356201172,49999.98828125,634.65625,421.405456542969,106.890113830566,212.205764770508,337.870788574219,194.543899536133,218.420501708984,1.56747287214736
49.1,100.077140808105,89.6681060791016,145.111480712891,90.0994033813477,187.932891845703,175.303451538086,2065.74169921875,147.005157470703,49999.98828125,610.822570800781,420.311370849609,103.792465209961,211.786087036133,340.630950927734,183.793930053711,220.172027587891,1.54876
49.2,99.99365234375,88.9642944335938,143.642517089844,89.5505523681641,179.836196899414,174.38899230957,2003.73168945312,146.284072875977,49999.98828125,613.278198242188,409.00244140625,101.982681274414,212.345123291016,341.670074462891,179.539398193359,220.361480712891,1.54309
49.3,99.3762054443359,88.1468963623047,142.441986083984,88.8863143920898,177.144317626953,174.532501220703,1999.32678222656,145.197113037109,49999.98828125,604.230590820312,402.787109375,101.234672546387,210.580612182617,348.078674316406,178.119537353516,220.598907470703,1.569
49.401,99.2120208740234,88.1858062744141,141.121978759766,89.3549118041992,176.221099853516,173.476959228516,2038.7236328125,144.203186035156,49999.98828125,606.804077148438,404.278625488281,100.613845825195,210.759490966797,346.886169433594,176.028015136719,222.917236328125,1.54569636824698
49.501,99.4586410522461,86.8319396972656,139.810974121094,89.6678314208984,176.174194335938,171.80778503418,2046.51110839844,143.814453125,49999.98828125,627.499816894531,396.194580078125,100.034866333008,209.320236206055,344.813812255859,174.631317138672,221.601043701172,1.57648465833106
49.601,99.7056045532227,86.2913818359375,138.842697143555,89.9856643676758,175.062103271484,171.617401123047,1835.70568847656,143.341323852539,49999.98828125,623.697937011719,388.895568847656,99.6645965576172,209.371124267578,344.296997070312,172.664535522461,222.12971496582,1.59339639630048
49.702,99.1297912597656,86.4452285766602,138.842666625977,89.8642578125,174.580657958984,171.049224853516,1791.0673828125,142.485244750977,49999.98828125,627.511413574219,378.515380859375,99.6641693115234,206.717407226562,337.839752197266,171.71272277832,223.282073974609,1.57869628807328
49.802,99.2532806396484,87.2167053222656,136.425842285156,90.6488265991211,172.999725341797,170.528228759766,1628.42639160156,142.271255493164,49999.98828125,607.282836914062,363.854736328125,99.1707153320312,203.692840576172,339.603240966797,171.761108398438,222.41682434082,1.60041629248731
49.902,98.8017883300781,87.1399230957031,134.531890869141,90.1000671386719,172.330413818359,170.670623779297,1585.91247558594,142.442123413086,49999.98828125,605.414611816406,358.821868896484,98.7609481811523,202.063064575195,338.755615234375,172.189102172852,221.602661132812,1.55176523626462
50.002,99.7054748535156,88.0309295654297,134.324600219727,90.8067779541016,173.429321289062,171.997772216797,1614.60693359375,142.914581298828,49999.98828125,617.458312988281,359.3095703125,100.035713195801,202.200576782227,335.223327636719,171.477142333984,220.742111206055,1.52677212029305
50.103,99.5409927368164,87.6423263549805,133.833831787109,89.9813003540039,173.333602905273,171.664993286133,1665.81872558594,143.042022705078,49999.98828125,613.838073730469,347.534576416016,100.117721557617,202.877380371094,337.543853759766,169.209075927734,220.0283203125,1.58373150437272
50.203,99.4170913696289,87.0625228881836,132.936676025391,90.3345336914062,173.333648681641,171.522872924805,1680.1064453125,142.399291992188,49999.98828125,585.074096679688,341.277740478516,100.615844726562,203.512817382812,343.43212890625,168.458557128906,220.123413085938,1.54617378759289
50.303,99.3778533935547,87.3720397949219,132.005126953125,89.7067413330078,173.670532226562,171.475143432617,1710.58569335938,141.461318969727,49999.98828125,582.552978515625,338.457458496094,101.027359008789,205.197387695312,335.035827636719,166.868072509766,218.609252929688,1.54739849170262
50.404,98.8425445556641,86.9476318359375,131.599578857422,90.0642395019531,173.669479370117,171.380920410156,1687.75317382812,141.461639404297,49999.98828125,564.419799804688,340.760314941406,100.944679260254,201.612838745117,323.108062744141,166.206329345703,217.199554443359,1.53646841022327
50.504,98.3929824829102,87.4878387451172,131.720123291016,89.5501251220703,174.725845336914,171.855178833008,1601.73547363281,140.868133544922,49999.98828125,590.430297851562,338.988464355469,100.283683776855,200.401977539062,326.776062011719,166.252838134766,216.870880126953,1.51656132842892
50.604,98.6791000366211,87.1018981933594,132.327270507812,88.1476287841797,173.237777709961,171.381118774414,1625.42211914062,140.190338134766,49999.98828125,594.869995117188,336.999267578125,99.3768005371094,197.606643676758,337.327209472656,166.394897460938,216.123443603516,1.51839549453624
50.705,99.1293792724609,87.4105529785156,134.12158203125,88.1085968017578,172.808532714844,171.048187255859,1521.95837402344,139.389068603516,49999.98828125,612.528076171875,340.614318847656,98.9247589111328,195.636810302734,329.569763183594,166.064453125,214.407028198242,1.53262305528614
50.805,98.3916854858398,87.1011199951172,132.653259277344,87.3718032836914,171.762237548828,168.322662353516,1390.0341796875,138.969131469727,49999.98828125,592.706970214844,340.523132324219,99.0897979736328,192.772552490234,324.747802734375,164.509582519531,213.991256713867,1.52414956985473
50.905,97.3721313476562,87.9919815063477,133.139984130859,87.6425933837891,171.001541137695,165.68684387207,1528.46459960938,138.676956176758,49999.98828125,568.062255859375,339.836639404297,99.8286972045898,193.378128051758,308.760864257812,163.760040283203,210.497894287109,1.52304473149027
